2024 01 26 15 08 40.87  12.616  10.720  0000.02  00.34  05.53  295.9  009.29  10.234  1007.597  1462.59 
2024 01 26 15 08 41.12  27.733  10.774  0000.14  19.23  08.05  295.9  009.26  24.113  1018.350  1479.46 
2024 01 26 15 08 41.37  28.819  10.770  0000.20  11.19  08.00  295.9  009.26  25.159  1019.163  1480.70 
2024 01 26 15 08 41.62  28.819  10.772  0000.22  05.90  08.10  295.9  009.26  25.156  1019.161  1480.71 
2024 01 26 15 08 41.87  28.825  10.775  0000.25  04.81  08.10  295.9  009.26  25.161  1019.164  1480.73 
2024 01 26 15 08 42.12  28.848  10.776  0000.29  04.19  08.11  295.9  009.26  25.182  1019.181  1480.76 
2024 01 26 15 08 42.37  28.885  10.800  0000.33  04.01  08.11  295.9  009.26  25.202  1019.192  1480.87 
2024 01 26 15 08 42.62  28.901  10.793  0000.40  03.89  08.11  299.3  009.26  25.221  1019.209  1480.87 
2024 01 26 15 08 42.87  28.953  10.803  0000.50  03.82  08.11  299.3  009.26  25.265  1019.241  1480.96 
2024 01 26 15 08 43.12  29.013  10.818  0000.58  03.89  08.11  299.3  009.26  25.311  1019.276  1481.07 
2024 01 26 15 08 43.37  29.019  10.821  0000.65  03.93  08.11  299.3  009.26  25.315  1019.279  1481.09 
2024 01 26 15 08 43.62  28.987  10.817  0000.77  04.19  08.11  299.3  009.26  25.287  1019.258  1481.04 
2024 01 26 15 08 43.87  28.936  10.801  0000.81  03.97  08.11  299.3  009.26  25.249  1019.231  1480.93 
2024 01 26 15 08 44.12  28.930  10.801  0000.83  03.97  08.11  299.3  009.26  25.243  1019.227  1480.93 
2024 01 26 15 08 44.37  28.928  10.800  0000.84  04.17  08.11  299.3  009.26  25.242  1019.226  1480.93 
2024 01 26 15 08 44.62  28.940  10.802  0000.82  04.23  08.10  299.3  009.26  25.252  1019.233  1480.94 
2024 01 26 15 08 44.87  28.937  10.802  0000.81  04.15  08.11  299.3  009.26  25.250  1019.232  1480.94 
2024 01 26 15 08 45.12  28.926  10.798  0000.83  04.07  08.11  299.3  009.26  25.242  1019.226  1480.92 
2024 01 26 15 08 45.37  28.910  10.789  0000.85  04.56  08.11  299.3  009.26  25.233  1019.220  1480.87 
2024 01 26 15 08 45.62  28.893  10.782  0000.86  04.23  08.11  302.1  009.26  25.221  1019.212  1480.84 
2024 01 26 15 08 45.87  28.886  10.785  0000.84  04.28  08.11  302.1  009.26  25.212  1019.205  1480.83 
2024 01 26 15 08 46.12  28.872  10.786  0000.84  04.11  08.11  302.1  009.26  25.198  1019.194  1480.82 
2024 01 26 15 08 46.37  28.862  10.782  0000.86  04.09  08.11  302.1  009.26  25.191  1019.190  1480.80 
2024 01 26 15 08 46.62  28.854  10.779  0000.88  03.71  08.11  302.1  009.26  25.186  1019.186  1480.78 
2024 01 26 15 08 46.87  28.848  10.782  0000.89  03.70  08.11  302.1  009.26  25.178  1019.179  1480.78 
2024 01 26 15 08 47.12  28.859  10.805  0000.89  03.67  08.11  302.1  009.26  25.172  1019.171  1480.86 
2024 01 26 15 08 47.37  28.857  10.786  0000.89  03.82  08.11  302.1  009.26  25.183  1019.183  1480.80 
2024 01 26 15 08 47.62  28.851  10.784  0000.86  03.86  08.11  302.1  009.26  25.180  1019.180  1480.79 
2024 01 26 15 08 47.87  28.850  10.782  0000.86  03.92  08.11  302.1  009.26  25.179  1019.180  1480.78 
2024 01 26 15 08 48.12  28.847  10.782  0000.88  03.82  08.11  302.1  009.26  25.177  1019.178  1480.78 
2024 01 26 15 08 48.37  28.853  10.783  0000.92  03.77  08.11  302.1  009.26  25.182  1019.182  1480.79 
2024 01 26 15 08 48.62  28.858  10.781  0000.96  04.02  08.11  304.0  009.26  25.188  1019.187  1480.79 
2024 01 26 15 08 48.87  28.858  10.782  0000.97  04.10  08.11  304.0  009.26  25.187  1019.187  1480.80 
2024 01 26 15 08 49.12  28.854  10.783  0000.94  04.22  08.11  304.0  009.26  25.183  1019.183  1480.79 
2024 01 26 15 08 49.37  28.849  10.783  0000.89  03.97  08.11  304.0  009.26  25.178  1019.179  1480.79 
2024 01 26 15 08 49.62  28.849  10.783  0000.88  04.09  08.11  304.0  009.26  25.177  1019.178  1480.79 
2024 01 26 15 08 49.87  28.858  10.785  0000.90  04.15  08.11  304.0  009.26  25.185  1019.184  1480.80 
2024 01 26 15 08 50.12  28.866  10.787  0000.97  04.17  08.11  304.0  009.26  25.192  1019.190  1480.82 
2024 01 26 15 08 50.37  28.873  10.797  0000.96  04.26  08.11  304.0  009.26  25.191  1019.187  1480.85 
2024 01 26 15 08 50.62  28.867  10.786  0000.93  04.36  08.11  304.0  009.26  25.193  1019.191  1480.82 
2024 01 26 15 08 50.87  28.865  10.787  0000.93  04.22  08.11  304.0  009.26  25.190  1019.188  1480.82 
2024 01 26 15 08 51.12  28.863  10.785  0000.90  04.15  08.11  304.0  009.26  25.190  1019.188  1480.81 
2024 01 26 15 08 51.37  28.862  10.785  0000.86  04.07  08.11  304.0  009.26  25.189  1019.187  1480.81 
2024 01 26 15 08 51.62  28.864  10.786  0000.88  03.93  08.11  305.5  009.26  25.190  1019.188  1480.81 
2024 01 26 15 08 51.87  28.872  10.790  0000.93  03.97  08.11  305.5  009.26  25.195  1019.191  1480.83 
2024 01 26 15 08 52.12  28.870  10.788  0000.98  04.03  08.11  305.5  009.26  25.195  1019.192  1480.83 
2024 01 26 15 08 52.37  28.880  10.790  0001.01  03.91  08.11  305.5  009.26  25.203  1019.198  1480.84 
2024 01 26 15 08 52.62  28.876  10.790  0000.96  04.17  08.11  305.5  009.26  25.199  1019.194  1480.84 
2024 01 26 15 08 52.87  28.862  10.785  0000.92  04.18  08.11  305.5  009.26  25.189  1019.187  1480.81 
2024 01 26 15 08 53.12  28.860  10.784  0000.87  04.05  08.11  305.5  009.26  25.187  1019.186  1480.80 
2024 01 26 15 08 53.37  28.862  10.786  0000.89  03.99  08.11  305.5  009.26  25.188  1019.187  1480.81 
2024 01 26 15 08 53.62  28.873  10.789  0000.89  04.83  08.11  305.5  009.26  25.196  1019.192  1480.83 
2024 01 26 15 08 53.87  28.887  10.792  0000.94  04.97  08.11  305.5  009.26  25.208  1019.201  1480.86 
2024 01 26 15 08 54.12  28.902  10.795  0001.05  04.54  08.11  305.5  009.26  25.221  1019.211  1480.88 
2024 01 26 15 08 54.37  28.918  10.797  0001.07  04.14  08.11  305.5  009.26  25.235  1019.222  1480.91 
2024 01 26 15 08 54.62  28.901  10.799  0001.09  03.94  08.11  306.5  009.26  25.217  1019.207  1480.89 
2024 01 26 15 08 54.87  28.907  10.799  0001.15  04.14  08.11  306.5  009.26  25.222  1019.212  1480.90 
2024 01 26 15 08 55.12  28.908  10.801  0001.19  04.13  08.11  306.5  009.26  25.223  1019.212  1480.91 
2024 01 26 15 08 55.37  28.907  10.798  0001.16  04.10  08.11  306.5  009.26  25.223  1019.213  1480.90 
2024 01 26 15 08 55.62  28.897  10.795  0001.12  04.34  08.11  306.5  009.26  25.216  1019.208  1480.88 
2024 01 26 15 08 55.87  28.890  10.793  0001.08  04.14  08.11  306.5  009.26  25.210  1019.203  1480.87 
2024 01 26 15 08 56.12  28.889  10.794  0001.06  04.02  08.11  306.5  009.26  25.208  1019.202  1480.87 
2024 01 26 15 08 56.37  28.923  10.801  0001.07  04.37  08.11  306.5  009.26  25.237  1019.223  1480.92 
2024 01 26 15 08 56.62  28.912  10.794  0001.11  04.31  08.10  306.5  009.26  25.231  1019.219  1480.90 
2024 01 26 15 08 56.87  28.907  10.797  0001.17  04.18  08.11  306.5  009.26  25.223  1019.213  1480.90 
2024 01 26 15 08 57.12  29.013  10.865  0001.16  04.06  08.11  306.5  009.26  25.279  1019.246  1481.21 
2024 01 26 15 08 57.37  29.035  10.833  0001.16  04.17  08.11  306.5  009.26  25.322  1019.284  1481.15 
2024 01 26 15 08 57.62  29.052  10.820  0001.14  04.13  08.11  307.6  009.26  25.347  1019.306  1481.13 
2024 01 26 15 08 57.87  29.135  10.843  0001.11  04.11  08.11  307.6  009.26  25.411  1019.352  1481.29 
2024 01 26 15 08 58.12  29.138  10.840  0001.12  04.07  08.11  307.6  009.26  25.417  1019.357  1481.28 
2024 01 26 15 08 58.37  29.143  10.833  0001.11  04.12  08.11  307.6  009.26  25.426  1019.365  1481.27 
2024 01 26 15 08 58.62  29.147  10.837  0001.10  04.21  08.11  307.6  009.26  25.427  1019.365  1481.29 
2024 01 26 15 08 58.87  29.141  10.835  0001.12  04.30  08.11  307.6  009.26  25.423  1019.362  1481.27 
2024 01 26 15 08 59.12  29.137  10.836  0001.13  04.19  08.11  307.6  009.26  25.418  1019.358  1481.27 
2024 01 26 15 08 59.37  29.131  10.841  0001.11  04.35  08.11  307.6  009.26  25.410  1019.351  1481.28 
2024 01 26 15 08 59.62  29.132  10.834  0001.14  04.18  08.10  307.6  009.26  25.415  1019.356  1481.26 
2024 01 26 15 08 59.87  29.131  10.840  0001.17  04.43  08.11  307.6  009.26  25.409  1019.350  1481.28 
2024 01 26 15 09 00.12  29.130  10.849  0001.15  04.29  08.11  307.6  009.26  25.402  1019.344  1481.30 
2024 01 26 15 09 00.37  29.118  10.844  0001.12  04.06  08.11  307.6  009.26  25.394  1019.338  1481.27 
2024 01 26 15 09 00.62  29.075  10.835  0001.08  04.07  08.11  307.6  009.26  25.359  1019.312  1481.20 
2024 01 26 15 09 00.87  29.070  10.836  0001.05  04.18  08.11  307.6  009.26  25.354  1019.308  1481.19 
2024 01 26 15 09 01.12  29.095  10.839  0001.07  04.29  08.11  307.6  009.26  25.375  1019.324  1481.23 
2024 01 26 15 09 01.37  29.036  10.826  0001.14  05.20  08.11  307.6  009.26  25.328  1019.290  1481.13 
2024 01 26 15 09 01.62  28.981  10.806  0001.17  04.67  08.11  307.6  009.26  25.289  1019.263  1481.01 
2024 01 26 15 09 01.87  28.960  10.802  0001.21  04.44  08.11  307.6  009.26  25.271  1019.250  1480.97 
2024 01 26 15 09 02.12  28.940  10.804  0001.21  04.18  08.11  307.6  009.26  25.251  1019.234  1480.96 
2024 01 26 15 09 02.37  28.932  10.801  0001.14  04.27  08.11  307.6  009.26  25.245  1019.230  1480.94 
2024 01 26 15 09 02.62  28.933  10.804  0001.09  04.24  08.10  307.6  009.26  25.244  1019.228  1480.95 
2024 01 26 15 09 02.87  28.947  10.805  0001.06  04.27  08.11  307.6  009.26  25.256  1019.237  1480.97 
2024 01 26 15 09 03.12  28.980  10.815  0001.06  04.32  08.11  307.6  009.26  25.282  1019.256  1481.03 
2024 01 26 15 09 03.37  28.959  10.811  0001.11  04.30  08.11  307.6  009.26  25.265  1019.243  1481.00 
2024 01 26 15 09 03.62  28.922  10.807  0001.13  04.13  08.11  307.6  009.26  25.231  1019.218  1480.94 
2024 01 26 15 09 03.87  28.936  10.805  0001.20  04.07  08.11  307.6  009.26  25.246  1019.230  1480.95 
2024 01 26 15 09 04.12  28.939  10.799  0001.19  04.01  08.11  307.6  009.26  25.253  1019.236  1480.94 
2024 01 26 15 09 04.37  28.907  10.795  0001.16  04.09  08.11  307.6  009.26  25.225  1019.215  1480.89 
2024 01 26 15 09 04.62  28.881  10.835  0001.12  04.09  08.11  307.6  009.26  25.173  1019.168  1480.97 
2024 01 26 15 09 04.87  28.928  10.831  0001.08  03.96  08.11  307.6  009.26  25.221  1019.206  1481.02 
2024 01 26 15 09 05.12  28.991  10.832  0001.10  03.90  08.11  307.6  009.26  25.281  1019.252  1481.09 
2024 01 26 15 09 05.37  29.122  10.847  0001.16  04.14  08.11  307.6  009.26  25.396  1019.339  1481.29 
2024 01 26 15 09 05.62  29.122  10.849  0001.16  04.47  08.10  307.6  009.26  25.395  1019.338  1481.29 
2024 01 26 15 09 05.87  29.115  10.847  0001.14  04.44  08.11  307.6  009.26  25.389  1019.333  1481.28 
2024 01 26 15 09 06.12  29.099  10.839  0001.13  04.32  08.11  307.6  009.26  25.380  1019.328  1481.24 
2024 01 26 15 09 06.37  29.077  10.834  0001.09  04.34  08.11  307.6  009.26  25.362  1019.315  1481.20 
2024 01 26 15 09 06.62  29.077  10.836  0001.08  04.16  08.11  307.8  009.26  25.360  1019.313  1481.20 
2024 01 26 15 09 06.87  29.046  10.826  0001.14  04.13  08.10  307.8  009.26  25.338  1019.297  1481.14 
2024 01 26 15 09 07.12  29.028  10.810  0001.15  04.24  08.10  307.8  009.26  25.331  1019.295  1481.07 
2024 01 26 15 09 07.37  29.001  10.808  0001.17  04.25  08.10  307.8  009.26  25.307  1019.276  1481.04 
2024 01 26 15 09 07.62  28.997  10.813  0001.18  04.25  08.10  307.8  009.26  25.299  1019.270  1481.05 
2024 01 26 15 09 07.87  28.989  10.814  0001.14  04.46  08.10  307.8  009.26  25.291  1019.263  1481.04 
2024 01 26 15 09 08.12  28.983  10.814  0001.12  04.39  08.10  307.8  009.26  25.286  1019.259  1481.03 
2024 01 26 15 09 08.37  28.954  10.806  0001.08  04.06  08.10  307.8  009.26  25.263  1019.242  1480.98 
2024 01 26 15 09 08.62  28.951  10.807  0001.07  03.98  08.10  307.8  009.26  25.259  1019.239  1480.97 
2024 01 26 15 09 08.87  28.968  10.812  0001.11  03.98  08.10  307.8  009.26  25.272  1019.249  1481.01 
2024 01 26 15 09 09.12  28.934  10.800  0001.14  04.00  08.10  307.8  009.26  25.247  1019.231  1480.94 
2024 01 26 15 09 09.37  28.905  10.795  0001.20  04.12  08.10  307.8  009.29  25.224  1019.214  1480.89 
2024 01 26 15 09 09.62  28.932  10.816  0001.22  04.11  08.11  307.8  009.26  25.235  1019.220  1480.98 
2024 01 26 15 09 09.87  28.920  10.801  0001.19  04.01  08.11  307.8  009.29  25.234  1019.221  1480.93 
2024 01 26 15 09 10.12  28.957  10.810  0001.13  03.96  08.10  307.8  009.26  25.263  1019.242  1480.99 
2024 01 26 15 09 10.37  28.947  10.809  0001.06  04.01  08.10  307.8  009.26  25.254  1019.235  1480.98 
2024 01 26 15 09 10.62  28.949  10.809  0001.05  03.99  08.10  307.8  009.26  25.256  1019.236  1480.98 
2024 01 26 15 09 10.87  28.959  10.810  0001.10  04.33  08.11  307.8  009.26  25.266  1019.244  1480.99 
2024 01 26 15 09 11.12  28.948  10.807  0001.15  04.43  08.10  307.8  009.26  25.257  1019.238  1480.97 
2024 01 26 15 09 11.37  28.949  10.810  0001.18  04.54  08.10  307.8  009.26  25.256  1019.236  1480.98 
2024 01 26 15 09 11.62  28.954  10.810  0001.16  04.33  08.10  307.8  009.26  25.260  1019.240  1480.99 
2024 01 26 15 09 11.87  28.955  10.810  0001.12  04.51  08.10  307.8  009.26  25.262  1019.241  1480.99 
2024 01 26 15 09 12.12  28.949  10.809  0001.12  04.29  08.10  307.8  009.26  25.256  1019.237  1480.98 
2024 01 26 15 09 12.37  28.936  10.804  0001.13  04.17  08.10  307.8  009.26  25.247  1019.231  1480.95 
2024 01 26 15 09 12.62  28.934  10.806  0001.16  04.20  08.10  308.1  009.26  25.243  1019.227  1480.95 
2024 01 26 15 09 12.87  28.943  10.806  0001.17  04.15  08.10  308.1  009.26  25.252  1019.234  1480.96 
2024 01 26 15 09 13.12  28.938  10.805  0001.18  04.44  08.10  308.1  009.29  25.248  1019.231  1480.96 
2024 01 26 15 09 13.37  28.920  10.801  0001.15  04.24  08.10  308.1  009.26  25.233  1019.220  1480.92 
2024 01 26 15 09 13.62  28.916  10.801  0001.09  04.22  08.10  308.1  009.26  25.230  1019.218  1480.92 
2024 01 26 15 09 13.87  28.911  10.800  0001.07  04.10  08.10  308.1  009.26  25.226  1019.214  1480.91 
2024 01 26 15 09 14.12  28.902  10.795  0001.10  04.19  08.10  308.1  009.26  25.221  1019.211  1480.89 
2024 01 26 15 09 14.37  28.897  10.795  0001.15  04.25  08.10  308.1  009.26  25.216  1019.208  1480.88 
2024 01 26 15 09 14.62  28.898  10.793  0001.21  04.31  08.10  308.1  009.26  25.218  1019.210  1480.88 
2024 01 26 15 09 14.87  28.899  10.798  0001.23  04.26  08.10  308.1  009.26  25.216  1019.207  1480.89 
2024 01 26 15 09 15.12  28.897  10.795  0001.20  04.37  08.10  308.1  009.26  25.215  1019.208  1480.88 
2024 01 26 15 09 15.37  28.893  10.793  0001.12  04.29  08.10  308.1  009.26  25.214  1019.206  1480.87 
2024 01 26 15 09 15.62  28.890  10.791  0001.08  04.28  08.10  307.9  009.26  25.212  1019.205  1480.86 
2024 01 26 15 09 15.87  28.879  10.790  0001.06  04.29  08.10  307.9  009.26  25.202  1019.198  1480.84 
2024 01 26 15 09 16.12  28.865  10.787  0001.08  04.41  08.10  307.9  009.26  25.191  1019.190  1480.82 
2024 01 26 15 09 16.37  28.845  10.781  0001.13  04.33  08.10  307.9  009.26  25.175  1019.178  1480.78 
2024 01 26 15 09 16.62  28.846  10.781  0001.17  04.36  08.10  307.9  009.26  25.176  1019.179  1480.78 
2024 01 26 15 09 16.87  28.847  10.783  0001.16  04.49  08.10  307.9  009.26  25.176  1019.179  1480.79 
2024 01 26 15 09 17.12  28.850  10.783  0001.16  04.59  08.10  307.9  009.26  25.178  1019.181  1480.79 
2024 01 26 15 09 17.37  28.848  10.782  0001.17  04.36  08.10  307.9  009.26  25.178  1019.180  1480.79 
2024 01 26 15 09 17.62  28.850  10.783  0001.16  04.13  08.10  307.9  009.26  25.179  1019.181  1480.79 
2024 01 26 15 09 17.87  28.848  10.783  0001.15  04.06  08.10  307.9  009.26  25.177  1019.180  1480.79 
2024 01 26 15 09 18.12  28.847  10.782  0001.16  04.06  08.10  307.9  009.26  25.177  1019.180  1480.79 
2024 01 26 15 09 18.37  28.846  10.782  0001.14  04.03  08.10  307.9  009.26  25.175  1019.178  1480.78 
2024 01 26 15 09 18.62  28.846  10.782  0001.11  04.07  08.10  308.0  009.26  25.176  1019.178  1480.79 
2024 01 26 15 09 18.87  28.843  10.782  0001.10  04.06  08.10  308.0  009.26  25.173  1019.176  1480.78 
2024 01 26 15 09 19.12  28.844  10.782  0001.11  03.96  08.10  308.0  009.26  25.174  1019.177  1480.78 
2024 01 26 15 09 19.37  28.845  10.782  0001.13  03.97  08.10  308.0  009.26  25.174  1019.177  1480.78 
2024 01 26 15 09 19.62  28.836  10.782  0001.13  03.97  08.10  308.0  009.26  25.166  1019.171  1480.77 
2024 01 26 15 09 19.87  28.822  10.774  0001.15  04.18  08.10  308.0  009.26  25.158  1019.166  1480.73 
2024 01 26 15 09 20.12  28.819  10.775  0001.18  03.94  08.10  308.0  009.26  25.154  1019.163  1480.73 
2024 01 26 15 09 20.37  28.819  10.774  0001.18  03.94  08.10  308.0  009.26  25.156  1019.165  1480.73 
2024 01 26 15 09 20.62  28.818  10.774  0001.15  04.01  08.10  308.0  009.26  25.154  1019.163  1480.73 
2024 01 26 15 09 20.87  28.817  10.775  0001.15  04.30  08.10  308.0  009.26  25.153  1019.162  1480.73 
2024 01 26 15 09 21.12  28.816  10.774  0001.12  04.09  08.10  308.0  009.26  25.152  1019.162  1480.73 
2024 01 26 15 09 21.37  28.817  10.774  0001.13  03.87  08.10  308.0  009.26  25.153  1019.162  1480.73 
2024 01 26 15 09 21.62  28.816  10.774  0001.13  03.88  08.10  307.9  009.26  25.153  1019.162  1480.73 
2024 01 26 15 09 21.87  28.815  10.774  0001.12  03.92  08.10  307.9  009.26  25.151  1019.161  1480.73 
2024 01 26 15 09 22.12  28.815  10.774  0001.10  03.88  08.10  307.9  009.26  25.152  1019.161  1480.73 
2024 01 26 15 09 22.37  28.814  10.774  0001.10  03.88  08.10  307.9  009.26  25.150  1019.160  1480.72 
2024 01 26 15 09 22.62  28.814  10.773  0001.10  04.11  08.10  307.9  009.26  25.151  1019.160  1480.72 
2024 01 26 15 09 22.87  28.813  10.775  0001.14  04.09  08.10  307.9  009.26  25.149  1019.159  1480.73 
2024 01 26 15 09 23.12  28.811  10.772  0001.19  04.07  08.10  307.9  009.26  25.149  1019.160  1480.72 
2024 01 26 15 09 23.37  28.811  10.773  0001.19  04.13  08.10  307.9  009.26  25.148  1019.159  1480.72 
2024 01 26 15 09 23.62  28.812  10.773  0001.21  04.02  08.10  307.9  009.26  25.149  1019.160  1480.72 
2024 01 26 15 09 23.87  28.812  10.773  0001.16  04.18  08.10  307.9  009.26  25.149  1019.159  1480.72 
2024 01 26 15 09 24.12  28.811  10.772  0001.09  03.98  08.10  307.9  009.26  25.149  1019.159  1480.72 
2024 01 26 15 09 24.37  28.819  10.774  0001.05  04.01  08.10  307.9  009.26  25.155  1019.163  1480.73 
2024 01 26 15 09 24.62  28.827  10.777  0001.04  04.17  08.10  307.7  009.26  25.161  1019.167  1480.75 
2024 01 26 15 09 24.87  28.819  10.776  0001.09  04.23  08.10  307.7  009.26  25.154  1019.163  1480.73 
2024 01 26 15 09 25.12  28.818  10.776  0001.12  04.20  08.10  307.7  009.26  25.153  1019.162  1480.73 
2024 01 26 15 09 25.37  28.815  10.774  0001.17  04.14  08.10  307.7  009.26  25.152  1019.162  1480.73 
2024 01 26 15 09 25.62  28.814  10.774  0001.17  04.13  08.10  307.7  009.26  25.150  1019.160  1480.73 
2024 01 26 15 09 25.87  28.815  10.775  0001.20  04.12  08.10  307.7  009.26  25.150  1019.160  1480.73 
2024 01 26 15 09 26.12  28.814  10.774  0001.16  04.10  08.10  307.7  009.26  25.150  1019.160  1480.73 
2024 01 26 15 09 26.37  28.815  10.774  0001.14  04.22  08.10  307.7  009.26  25.152  1019.161  1480.73 
2024 01 26 15 09 26.62  28.815  10.774  0001.10  04.28  08.09  307.7  009.26  25.152  1019.161  1480.72 
2024 01 26 15 09 26.87  28.815  10.774  0001.07  04.19  08.10  307.7  009.26  25.151  1019.160  1480.73 
2024 01 26 15 09 27.12  28.815  10.774  0001.10  04.15  08.10  307.7  009.26  25.151  1019.161  1480.73 
2024 01 26 15 09 27.37  28.818  10.775  0001.12  04.29  08.10  307.7  009.26  25.153  1019.162  1480.73 
2024 01 26 15 09 27.62  28.818  10.774  0001.17  04.38  08.10  307.4  009.26  25.154  1019.163  1480.73 
2024 01 26 15 09 27.87  28.819  10.775  0001.15  04.18  08.10  307.4  009.26  25.154  1019.163  1480.74 
2024 01 26 15 09 28.12  28.818  10.774  0001.13  04.11  08.10  307.4  009.26  25.154  1019.163  1480.73 
2024 01 26 15 09 28.37  28.818  10.775  0001.13  04.02  08.10  307.4  009.26  25.153  1019.162  1480.73 
2024 01 26 15 09 28.62  28.819  10.776  0001.09  03.99  08.10  307.4  009.26  25.154  1019.163  1480.74 
2024 01 26 15 09 28.87  28.820  10.775  0001.14  04.07  08.10  307.4  009.26  25.155  1019.164  1480.74 
2024 01 26 15 09 29.12  28.820  10.775  0001.17  04.03  08.10  307.4  009.26  25.155  1019.164  1480.74 
2024 01 26 15 09 29.37  28.819  10.776  0001.19  04.15  08.10  307.4  009.26  25.154  1019.163  1480.74 
2024 01 26 15 09 29.62  28.819  10.775  0001.17  04.23  08.09  307.4  009.26  25.155  1019.164  1480.73 
2024 01 26 15 09 29.87  28.819  10.775  0001.12  04.08  08.10  307.4  009.26  25.155  1019.163  1480.73 
2024 01 26 15 09 30.12  28.819  10.774  0001.09  04.13  08.10  307.4  009.26  25.155  1019.163  1480.73 
2024 01 26 15 09 30.37  28.815  10.775  0001.07  04.15  08.10  307.4  009.26  25.151  1019.160  1480.73 
2024 01 26 15 09 30.62  28.815  10.775  0001.10  04.27  08.10  307.3  009.26  25.151  1019.160  1480.73 
2024 01 26 15 09 30.87  28.814  10.774  0001.17  04.33  08.10  307.3  009.26  25.150  1019.160  1480.73 
2024 01 26 15 09 31.12  28.813  10.773  0001.17  04.22  08.10  307.3  009.26  25.150  1019.160  1480.72 
2024 01 26 15 09 31.37  28.813  10.773  0001.18  04.03  08.10  307.3  009.26  25.150  1019.160  1480.72 
2024 01 26 15 09 31.62  28.813  10.773  0001.13  03.94  08.10  307.3  009.26  25.150  1019.160  1480.72 
2024 01 26 15 09 31.87  28.815  10.773  0001.12  04.03  08.10  307.3  009.26  25.152  1019.162  1480.72 
2024 01 26 15 09 32.12  28.815  10.774  0001.11  03.91  08.10  307.3  009.26  25.152  1019.161  1480.73 
2024 01 26 15 09 32.37  28.818  10.776  0001.13  03.99  08.10  307.3  009.26  25.153  1019.162  1480.73 
2024 01 26 15 09 32.62  28.818  10.775  0001.13  04.20  08.09  307.3  009.26  25.153  1019.162  1480.73 
2024 01 26 15 09 32.87  28.817  10.775  0001.16  04.22  08.10  307.3  009.26  25.153  1019.162  1480.73 
2024 01 26 15 09 33.12  28.817  10.775  0001.16  04.20  08.10  307.3  009.26  25.153  1019.162  1480.73 
2024 01 26 15 09 33.37  28.817  10.774  0001.13  04.04  08.10  307.3  009.26  25.153  1019.162  1480.73 
2024 01 26 15 09 33.62  28.817  10.775  0001.11  03.94  08.10  307.2  009.26  25.153  1019.162  1480.73 
2024 01 26 15 09 33.87  28.816  10.774  0001.09  04.48  08.10  307.2  009.26  25.152  1019.161  1480.73 
2024 01 26 15 09 34.12  28.816  10.773  0001.09  04.27  08.10  307.2  009.26  25.153  1019.162  1480.73 
2024 01 26 15 09 34.37  28.815  10.774  0001.11  04.03  08.10  307.2  009.26  25.151  1019.161  1480.73 
2024 01 26 15 09 34.62  28.816  10.774  0001.12  03.89  08.10  307.2  009.26  25.152  1019.162  1480.73 
2024 01 26 15 09 34.87  28.818  10.776  0001.17  03.82  08.10  307.2  009.26  25.153  1019.162  1480.74 
2024 01 26 15 09 35.12  28.821  10.775  0001.20  03.87  08.10  307.2  009.26  25.156  1019.165  1480.74 
2024 01 26 15 09 35.37  28.824  10.778  0001.20  03.92  08.10  307.2  009.26  25.158  1019.165  1480.75 
2024 01 26 15 09 35.62  28.828  10.780  0001.15  03.93  08.09  307.2  009.26  25.160  1019.167  1480.76 
2024 01 26 15 09 35.87  28.834  10.780  0001.05  03.90  08.10  307.2  009.26  25.166  1019.171  1480.76 
2024 01 26 15 09 36.12  28.834  10.780  0001.05  04.05  08.10  307.2  009.26  25.165  1019.170  1480.76 
2024 01 26 15 09 36.37  28.838  10.781  0001.07  04.26  08.10  307.2  009.26  25.168  1019.173  1480.77 
2024 01 26 15 09 36.62  28.841  10.781  0001.10  05.08  08.10  307.5  009.26  25.171  1019.175  1480.78 
2024 01 26 15 09 36.87  28.851  10.785  0001.14  04.51  08.10  307.5  009.26  25.179  1019.181  1480.80 
2024 01 26 15 09 37.12  28.850  10.785  0001.17  04.21  08.10  307.5  009.26  25.177  1019.179  1480.80 
2024 01 26 15 09 37.37  28.849  10.784  0001.18  04.15  08.10  307.5  009.26  25.177  1019.180  1480.79 
2024 01 26 15 09 37.62  28.850  10.783  0001.19  03.93  08.10  307.5  009.26  25.179  1019.181  1480.79 
2024 01 26 15 09 37.87  28.850  10.783  0001.12  03.81  08.10  307.5  009.26  25.179  1019.181  1480.79 
2024 01 26 15 09 38.12  28.846  10.782  0001.12  03.85  08.10  307.5  009.26  25.176  1019.179  1480.78 
2024 01 26 15 09 38.37  28.843  10.781  0001.07  03.87  08.10  307.5  009.26  25.173  1019.177  1480.78 
2024 01 26 15 09 38.62  28.842  10.781  0001.07  03.93  08.10  307.5  009.26  25.172  1019.176  1480.78 
2024 01 26 15 09 38.87  28.841  10.780  0001.05  03.77  08.10  307.5  009.26  25.172  1019.175  1480.77 
2024 01 26 15 09 39.12  28.838  10.780  0001.03  03.92  08.10  307.5  009.26  25.169  1019.173  1480.77 
2024 01 26 15 09 39.37  28.842  10.782  0001.04  03.82  08.10  307.5  009.26  25.171  1019.175  1480.78 
2024 01 26 15 09 39.62  28.845  10.783  0001.10  03.97  08.10  307.7  009.29  25.174  1019.177  1480.78 
2024 01 26 15 09 39.87  28.846  10.782  0001.15  04.16  08.10  307.7  009.26  25.175  1019.178  1480.79 
2024 01 26 15 09 40.12  28.848  10.783  0001.19  03.98  08.10  307.7  009.26  25.177  1019.180  1480.79 
2024 01 26 15 09 40.37  28.845  10.783  0001.18  03.79  08.10  307.7  009.26  25.174  1019.177  1480.79 
2024 01 26 15 09 40.62  28.842  10.782  0001.12  03.84  08.10  307.7  009.26  25.171  1019.175  1480.78 
2024 01 26 15 09 40.87  28.841  10.780  0001.05  03.72  08.10  307.7  009.29  25.172  1019.176  1480.77 
2024 01 26 15 09 41.12  28.835  10.779  0001.00  03.82  08.10  307.7  009.26  25.167  1019.172  1480.76 
2024 01 26 15 09 41.37  28.830  10.778  0000.99  03.89  08.10  307.7  009.26  25.163  1019.169  1480.75 
2024 01 26 15 09 41.62  28.832  10.779  0000.97  03.79  08.10  307.7  009.26  25.164  1019.169  1480.76 
2024 01 26 15 09 41.87  28.840  10.781  0001.00  03.89  08.10  307.7  009.26  25.171  1019.174  1480.77 
2024 01 26 15 09 42.12  28.841  10.782  0001.06  04.07  08.10  307.7  009.26  25.171  1019.174  1480.78 
2024 01 26 15 09 42.37  28.843  10.781  0001.12  04.05  08.10  307.7  009.26  25.173  1019.177  1480.78 
2024 01 26 15 09 42.62  28.847  10.782  0001.15  03.92  08.10  307.8  009.26  25.177  1019.180  1480.79 
2024 01 26 15 09 42.87  28.859  10.786  0001.14  03.84  08.10  307.8  009.26  25.185  1019.185  1480.81 
2024 01 26 15 09 43.12  28.854  10.783  0001.10  03.72  08.10  307.8  009.26  25.182  1019.184  1480.79 
2024 01 26 15 09 43.37  28.844  10.780  0001.05  03.80  08.10  307.8  009.26  25.175  1019.178  1480.78 
2024 01 26 15 09 43.62  28.832  10.775  0001.04  04.01  08.10  307.8  009.26  25.167  1019.172  1480.75 
2024 01 26 15 09 43.87  28.824  10.776  0001.02  03.90  08.10  307.8  009.26  25.159  1019.166  1480.74 
2024 01 26 15 09 44.12  28.826  10.775  0001.01  03.71  08.10  307.8  009.26  25.162  1019.168  1480.74 
2024 01 26 15 09 44.37  28.827  10.775  0001.05  03.72  08.10  307.8  009.26  25.162  1019.169  1480.74 
2024 01 26 15 09 44.62  28.831  10.775  0001.09  03.70  08.09  307.8  009.26  25.166  1019.172  1480.75 
2024 01 26 15 09 44.87  28.839  10.778  0001.12  03.72  08.10  307.8  009.26  25.171  1019.176  1480.77 
2024 01 26 15 09 45.12  28.850  10.783  0001.15  03.71  08.10  307.8  009.26  25.179  1019.181  1480.79 
2024 01 26 15 09 45.37  28.854  10.785  0001.14  03.77  08.10  307.8  009.26  25.181  1019.182  1480.80 
2024 01 26 15 09 45.62  28.862  10.790  0001.11  03.75  08.10  307.7  009.26  25.185  1019.185  1480.82 
2024 01 26 15 09 45.87  28.866  10.788  0001.10  03.68  08.10  307.7  009.26  25.191  1019.189  1480.83 
2024 01 26 15 09 46.12  28.862  10.787  0001.07  03.86  08.10  307.7  009.26  25.188  1019.187  1480.82 
2024 01 26 15 09 46.37  28.860  10.786  0001.05  03.84  08.10  307.7  009.26  25.186  1019.186  1480.81 
2024 01 26 15 09 46.62  28.861  10.788  0001.05  03.77  08.10  307.7  009.26  25.186  1019.185  1480.82 
2024 01 26 15 09 46.87  28.865  10.787  0001.07  03.71  08.10  307.7  009.26  25.191  1019.189  1480.82 
2024 01 26 15 09 47.12  28.857  10.787  0001.11  03.89  08.10  307.7  009.26  25.183  1019.183  1480.81 
2024 01 26 15 09 47.37  28.855  10.785  0001.12  03.76  08.10  307.7  009.26  25.182  1019.183  1480.80 
2024 01 26 15 09 47.62  28.854  10.783  0001.13  03.82  08.09  307.7  009.26  25.182  1019.183  1480.80 
2024 01 26 15 09 47.87  28.853  10.782  0001.12  03.85  08.10  307.7  009.26  25.182  1019.183  1480.79 
2024 01 26 15 09 48.12  28.850  10.782  0001.13  03.83  08.10  307.7  009.26  25.179  1019.181  1480.79 
2024 01 26 15 09 48.37  28.848  10.782  0001.12  03.70  08.10  307.7  009.26  25.177  1019.180  1480.79 
2024 01 26 15 09 48.62  28.842  10.779  0001.11  03.57  08.10  307.7  009.26  25.173  1019.177  1480.77 
2024 01 26 15 09 48.87  28.837  10.775  0001.10  03.55  08.10  307.7  009.26  25.171  1019.176  1480.76 
2024 01 26 15 09 49.12  28.833  10.775  0001.12  03.60  08.10  307.7  009.26  25.167  1019.173  1480.75 
2024 01 26 15 09 49.37  28.832  10.775  0001.09  03.72  08.10  307.7  009.26  25.167  1019.172  1480.75 
2024 01 26 15 09 49.62  28.834  10.776  0001.09  03.73  08.10  307.7  009.26  25.168  1019.173  1480.75 
2024 01 26 15 09 49.87  28.839  10.777  0001.08  03.65  08.10  307.7  009.26  25.172  1019.177  1480.76 
2024 01 26 15 09 50.12  28.844  10.781  0001.05  03.70  08.10  307.7  009.26  25.174  1019.177  1480.78 
2024 01 26 15 09 50.37  28.845  10.785  0001.11  03.84  08.10  307.7  009.26  25.172  1019.175  1480.79 
2024 01 26 15 09 50.62  28.882  10.792  0001.14  03.89  08.09  307.7  009.26  25.204  1019.199  1480.85 
2024 01 26 15 09 50.87  28.899  10.794  0001.16  03.84  08.10  307.7  009.26  25.218  1019.210  1480.88 
2024 01 26 15 09 51.12  28.900  10.797  0001.13  03.77  08.10  307.7  009.26  25.217  1019.208  1480.89 
2024 01 26 15 09 51.37  28.898  10.798  0001.12  03.79  08.10  307.7  009.26  25.215  1019.206  1480.89 
2024 01 26 15 09 51.62  28.899  10.798  0001.08  03.84  08.10  307.8  009.26  25.216  1019.207  1480.89 
2024 01 26 15 09 51.87  28.899  10.798  0001.08  03.82  08.10  307.8  009.26  25.215  1019.207  1480.89 
2024 01 26 15 09 52.12  28.904  10.799  0001.08  03.93  08.10  307.8  009.26  25.220  1019.210  1480.90 
2024 01 26 15 09 52.37  28.912  10.800  0001.09  03.94  08.10  307.8  009.26  25.227  1019.216  1480.91 
2024 01 26 15 09 52.62  28.918  10.802  0001.12  04.00  08.10  307.8  009.26  25.231  1019.218  1480.92 
2024 01 26 15 09 52.87  28.916  10.801  0001.13  03.85  08.10  307.8  009.26  25.230  1019.217  1480.92 
2024 01 26 15 09 53.12  28.917  10.801  0001.13  03.70  08.10  307.8  009.26  25.231  1019.218  1480.92 
2024 01 26 15 09 53.37  28.920  10.800  0001.12  03.79  08.10  307.8  009.26  25.234  1019.221  1480.92 
2024 01 26 15 09 53.62  28.922  10.801  0001.12  03.80  08.09  307.8  009.26  25.236  1019.222  1480.92 
2024 01 26 15 09 53.87  28.926  10.805  0001.10  03.88  08.10  307.8  009.26  25.236  1019.222  1480.94 
2024 01 26 15 09 54.12  28.922  10.800  0001.10  04.07  08.10  307.8  009.26  25.236  1019.222  1480.92 
2024 01 26 15 09 54.37  28.918  10.800  0001.10  03.92  08.10  307.8  009.26  25.232  1019.219  1480.92 
2024 01 26 15 09 54.62  28.920  10.801  0001.11  03.87  08.10  307.8  009.26  25.234  1019.221  1480.92 
2024 01 26 15 09 54.87  28.932  10.802  0001.11  03.86  08.10  307.8  009.26  25.244  1019.228  1480.94 
2024 01 26 15 09 55.12  28.929  10.805  0001.13  03.90  08.10  307.8  009.26  25.240  1019.224  1480.95 
2024 01 26 15 09 55.37  28.929  10.804  0001.15  03.89  08.10  307.8  009.26  25.241  1019.226  1480.94 
2024 01 26 15 09 55.62  28.927  10.802  0001.14  03.91  08.10  307.8  009.26  25.240  1019.225  1480.93 
2024 01 26 15 09 55.87  28.921  10.801  0001.13  03.91  08.10  307.8  009.26  25.235  1019.222  1480.92 
2024 01 26 15 09 56.12  28.922  10.802  0001.12  03.91  08.10  307.8  009.26  25.235  1019.221  1480.93 
2024 01 26 15 09 56.37  28.926  10.801  0001.10  03.92  08.10  307.8  009.26  25.239  1019.225  1480.93 
2024 01 26 15 09 56.62  28.923  10.800  0001.11  03.98  08.09  307.8  009.26  25.237  1019.223  1480.92 
2024 01 26 15 09 56.87  28.924  10.800  0001.09  03.93  08.10  307.8  009.26  25.239  1019.224  1480.92 
2024 01 26 15 09 57.12  28.924  10.800  0001.11  04.03  08.10  307.8  009.26  25.238  1019.224  1480.92 
2024 01 26 15 09 57.37  28.924  10.801  0001.15  04.06  08.10  307.8  009.26  25.238  1019.224  1480.93 
2024 01 26 15 09 57.62  28.927  10.803  0001.18  04.01  08.10  307.9  009.26  25.239  1019.225  1480.94 
2024 01 26 15 09 57.87  28.928  10.801  0001.21  03.76  08.10  307.9  009.26  25.241  1019.227  1480.93 
2024 01 26 15 09 58.12  28.929  10.802  0001.20  03.81  08.10  307.9  009.26  25.242  1019.227  1480.94 
2024 01 26 15 09 58.37  28.931  10.803  0001.19  03.88  08.10  307.9  009.26  25.243  1019.227  1480.94 
2024 01 26 15 09 58.62  28.938  10.816  0001.17  03.91  08.10  307.9  009.26  25.241  1019.224  1480.99 
2024 01 26 15 09 58.87  28.971  10.815  0001.18  03.94  08.10  307.9  009.26  25.273  1019.249  1481.02 
2024 01 26 15 09 59.12  29.010  10.831  0001.25  04.29  08.10  307.9  009.26  25.300  1019.268  1481.11 
2024 01 26 15 09 59.37  29.087  10.845  0001.33  04.28  08.10  307.9  009.26  25.363  1019.315  1481.24 
2024 01 26 15 09 59.62  29.210  10.850  0001.44  04.15  08.09  307.9  009.26  25.479  1019.405  1481.40 
2024 01 26 15 09 59.87  29.296  10.822  0001.56  04.16  08.10  307.9  009.26  25.581  1019.489  1481.42 
2024 01 26 15 10 00.12  29.337  10.788  0001.70  04.30  08.10  307.9  009.26  25.644  1019.543  1481.38 
2024 01 26 15 10 00.37  29.401  10.769  0001.87  04.07  08.09  307.9  009.26  25.719  1019.606  1481.40 
2024 01 26 15 10 00.62  29.457  10.733  0002.06  04.11  08.09  308.0  009.26  25.798  1019.674  1481.37 
2024 01 26 15 10 00.87  29.583  10.624  0002.23  04.44  08.09  308.0  009.26  25.997  1019.846  1481.22 
2024 01 26 15 10 01.12  29.635  10.581  0002.38  04.67  08.09  308.0  009.26  26.078  1019.917  1481.16 
2024 01 26 15 10 01.37  29.640  10.563  0002.58  04.71  08.09  308.0  009.26  26.095  1019.934  1481.12 
2024 01 26 15 10 01.62  29.644  10.525  0002.74  04.83  08.09  308.0  009.26  26.127  1019.965  1481.02 
2024 01 26 15 10 01.87  29.663  10.492  0002.95  05.28  08.09  308.0  009.26  26.169  1020.004  1480.96 
2024 01 26 15 10 02.12  29.690  10.445  0003.12  05.39  08.09  308.0  009.26  26.229  1020.059  1480.86 
2024 01 26 15 10 02.37  29.706  10.428  0003.31  06.03  08.09  308.0  009.26  26.256  1020.084  1480.84 
2024 01 26 15 10 02.62  29.724  10.403  0003.49  06.39  08.09  308.0  009.26  26.293  1020.117  1480.79 
2024 01 26 15 10 02.87  29.738  10.380  0003.67  06.37  08.09  308.0  009.26  26.322  1020.144  1480.75 
2024 01 26 15 10 03.12  29.736  10.371  0003.85  06.11  08.09  308.0  009.26  26.327  1020.150  1480.72 
2024 01 26 15 10 03.37  29.761  10.381  0004.03  06.40  08.09  308.0  009.26  26.344  1020.163  1480.78 
2024 01 26 15 10 03.62  29.794  10.392  0004.21  06.64  08.09  309.2  009.26  26.368  1020.180  1480.85 
2024 01 26 15 10 03.87  29.830  10.406  0004.42  06.52  08.09  309.2  009.26  26.393  1020.199  1480.94 
2024 01 26 15 10 04.12  29.880  10.427  0004.57  07.14  08.09  309.2  009.26  26.426  1020.222  1481.06 
2024 01 26 15 10 04.37  29.907  10.447  0004.73  07.51  08.09  309.2  009.26  26.439  1020.229  1481.15 
2024 01 26 15 10 04.62  29.955  10.490  0004.94  07.59  08.09  309.2  009.26  26.454  1020.236  1481.32 
2024 01 26 15 10 04.87  30.471  10.705  0005.08  08.09  08.09  309.2  009.26  26.799  1020.470  1482.52 
2024 01 26 15 10 05.12  30.810  10.730  0005.20  09.95  08.09  309.2  009.26  27.110  1020.707  1482.99 
2024 01 26 15 10 05.37  30.935  10.698  0005.35  08.95  08.09  309.2  009.26  27.255  1020.827  1483.05 
2024 01 26 15 10 05.62  31.060  10.596  0005.53  09.76  08.08  309.2  009.26  27.453  1020.998  1482.92 
2024 01 26 15 10 05.87  31.151  10.558  0005.68  10.83  08.08  309.2  009.26  27.571  1021.096  1482.93 
2024 01 26 15 10 06.12  31.195  10.481  0005.86  10.92  08.08  309.2  009.26  27.672  1021.188  1482.78 
2024 01 26 15 10 06.37  31.241  10.462  0006.06  12.95  08.08  309.2  009.26  27.731  1021.238  1482.78 
2024 01 26 15 10 06.62  31.304  10.310  0006.24  13.09  08.08  312.2  009.26  27.910  1021.402  1482.45 
2024 01 26 15 10 06.87  31.381  10.270  0006.43  13.22  08.08  312.2  009.26  28.016  1021.492  1482.44 
2024 01 26 15 10 07.12  31.473  10.335  0006.64  12.67  08.08  312.2  009.26  28.057  1021.514  1482.72 
2024 01 26 15 10 07.37  31.519  10.342  0006.82  12.79  08.08  312.2  009.26  28.096  1021.545  1482.80 
2024 01 26 15 10 07.62  31.555  10.324  0007.03  12.95  08.08  312.2  009.26  28.146  1021.587  1482.80 
2024 01 26 15 10 07.87  31.771  10.210  0007.23  13.60  08.08  312.2  009.26  28.447  1021.841  1482.75 
2024 01 26 15 10 08.12  31.817  10.174  0007.41  15.83  08.08  312.2  009.29  28.521  1021.905  1482.71 
2024 01 26 15 10 08.37  31.818  10.070  0007.66  16.13  08.08  312.2  009.26  28.605  1021.988  1482.44 
2024 01 26 15 10 08.62  31.823  10.042  0007.85  15.58  08.07  312.2  009.26  28.632  1022.014  1482.37 
2024 01 26 15 10 08.87  31.863  10.001  0008.05  14.68  08.08  312.2  009.26  28.704  1022.077  1482.31 
2024 01 26 15 10 09.12  31.883  09.986  0008.25  14.94  08.08  312.2  009.26  28.736  1022.105  1482.30 
2024 01 26 15 10 09.37  31.893  09.980  0008.43  15.35  08.08  312.2  009.26  28.751  1022.119  1482.30 
2024 01 26 15 10 09.62  31.902  09.974  0008.62  15.75  08.08  311.7  009.26  28.764  1022.131  1482.30 
2024 01 26 15 10 09.87  31.917  09.964  0008.83  15.80  08.08  311.7  009.26  28.787  1022.151  1482.29 
2024 01 26 15 10 10.12  31.911  09.961  0009.01  15.91  08.08  311.7  009.26  28.783  1022.149  1482.28 
2024 01 26 15 10 10.37  31.933  09.960  0009.22  16.01  08.07  311.7  009.26  28.806  1022.168  1482.31 
2024 01 26 15 10 10.62  31.947  09.963  0009.39  15.87  08.07  311.7  009.26  28.818  1022.178  1482.33 
2024 01 26 15 10 10.87  31.960  09.962  0009.56  15.71  08.07  311.7  009.26  28.831  1022.189  1482.35 
2024 01 26 15 10 11.12  31.963  09.962  0009.74  15.23  08.07  311.7  009.26  28.834  1022.193  1482.36 
2024 01 26 15 10 11.37  31.972  09.962  0009.93  15.08  08.07  311.7  009.26  28.843  1022.201  1482.37 
2024 01 26 15 10 11.62  31.977  09.959  0010.12  15.07  08.06  311.7  009.26  28.850  1022.207  1482.37 
2024 01 26 15 10 11.87  31.979  09.961  0010.29  14.95  08.07  311.7  009.26  28.851  1022.209  1482.38 
2024 01 26 15 10 12.12  31.987  09.957  0010.50  14.74  08.07  311.7  009.26  28.861  1022.218  1482.38 
2024 01 26 15 10 12.37  31.994  09.955  0010.70  14.59  08.07  311.7  009.26  28.870  1022.226  1482.39 
2024 01 26 15 10 12.62  32.002  09.950  0010.89  14.76  08.06  314.0  009.26  28.882  1022.238  1482.39 
2024 01 26 15 10 12.87  32.011  09.949  0011.07  14.44  08.06  314.0  009.26  28.891  1022.245  1482.40 
2024 01 26 15 10 13.12  32.015  09.949  0011.29  14.18  08.06  314.0  009.26  28.896  1022.250  1482.41 
2024 01 26 15 10 13.37  32.030  09.943  0011.47  13.96  08.06  314.0  009.26  28.916  1022.267  1482.41 
2024 01 26 15 10 13.62  32.029  09.914  0011.67  13.58  08.06  314.0  009.26  28.937  1022.290  1482.34 
2024 01 26 15 10 13.87  32.030  09.870  0011.89  13.04  08.06  314.0  009.26  28.974  1022.326  1482.22 
2024 01 26 15 10 14.12  32.043  09.838  0012.10  12.41  08.06  314.0  009.26  29.012  1022.361  1482.16 
2024 01 26 15 10 14.37  32.049  09.815  0012.27  12.01  08.06  314.0  009.26  29.037  1022.385  1482.11 
2024 01 26 15 10 14.62  32.055  09.782  0012.49  11.54  08.05  314.0  009.26  29.069  1022.417  1482.03 
2024 01 26 15 10 14.87  32.060  09.758  0012.66  11.25  08.05  314.0  009.26  29.094  1022.440  1481.97 
2024 01 26 15 10 15.12  32.065  09.751  0012.85  10.98  08.05  314.0  009.26  29.105  1022.451  1481.96 
2024 01 26 15 10 15.37  32.064  09.714  0013.07  11.01  08.05  314.0  009.26  29.133  1022.480  1481.86 
2024 01 26 15 10 15.62  32.066  09.666  0013.26  10.71  08.05  310.3  009.26  29.173  1022.519  1481.74 
2024 01 26 15 10 15.87  32.067  09.594  0013.47  10.04  08.05  310.3  009.26  29.232  1022.578  1481.55 
2024 01 26 15 10 16.12  32.090  09.607  0013.64  08.61  08.05  310.3  009.26  29.245  1022.586  1481.62 
2024 01 26 15 10 16.37  32.084  09.575  0013.85  07.85  08.05  310.3  009.26  29.266  1022.609  1481.52 
2024 01 26 15 10 16.62  32.083  09.562  0014.05  07.59  08.04  310.3  009.26  29.275  1022.618  1481.49 
2024 01 26 15 10 16.87  32.066  09.517  0014.22  07.55  08.04  310.3  009.26  29.295  1022.641  1481.35 
2024 01 26 15 10 17.12  32.044  09.460  0014.42  07.45  08.04  310.3  009.26  29.318  1022.670  1481.17 
2024 01 26 15 10 17.37  32.034  09.440  0014.62  06.84  08.04  310.3  009.26  29.325  1022.679  1481.11 
2024 01 26 15 10 17.62  31.986  09.359  0014.81  06.76  08.03  310.3  009.26  29.342  1022.705  1480.84 
2024 01 26 15 10 17.87  31.896  09.256  0014.98  06.60  08.04  310.3  009.26  29.336  1022.717  1480.45 
2024 01 26 15 10 18.12  31.847  09.200  0015.20  06.01  08.03  310.3  009.26  29.332  1022.723  1480.24 
2024 01 26 15 10 18.37  31.805  09.083  0015.37  05.44  08.03  310.3  009.26  29.385  1022.783  1479.87 
2024 01 26 15 10 18.62  31.756  08.911  0015.56  04.81  08.03  308.0  009.26  29.477  1022.882  1479.34 
2024 01 26 15 10 18.87  31.730  08.870  0015.77  03.86  08.02  308.0  009.26  29.484  1022.894  1479.20 
2024 01 26 15 10 19.12  31.704  08.787  0015.95  03.08  08.02  308.0  009.26  29.526  1022.940  1478.94 
2024 01 26 15 10 19.37  31.675  08.704  0016.11  02.62  08.01  308.0  009.26  29.566  1022.984  1478.68 
2024 01 26 15 10 19.62  31.654  08.664  0016.32  02.44  08.01  308.0  009.26  29.577  1022.999  1478.55 
2024 01 26 15 10 19.87  31.648  08.640  0016.51  02.37  08.00  308.0  009.26  29.591  1023.014  1478.48 
2024 01 26 15 10 20.12  31.638  08.619  0016.69  02.35  08.00  308.0  009.26  29.598  1023.024  1478.41 
2024 01 26 15 10 20.37  31.631  08.606  0016.89  02.28  07.99  308.0  009.26  29.602  1023.030  1478.37 
2024 01 26 15 10 20.62  31.623  08.581  0017.12  02.26  07.98  308.0  009.26  29.614  1023.044  1478.29 
2024 01 26 15 10 20.87  31.625  08.520  0017.29  02.25  07.99  308.0  009.26  29.667  1023.095  1478.13 
2024 01 26 15 10 21.12  31.635  08.505  0017.51  02.27  07.99  308.0  009.26  29.690  1023.117  1478.11 
2024 01 26 15 10 21.37  31.635  08.491  0017.68  02.22  07.98  308.0  009.26  29.702  1023.129  1478.07 
2024 01 26 15 10 21.62  31.633  08.467  0017.88  02.20  07.98  303.2  009.26  29.719  1023.146  1478.01 
2024 01 26 15 10 21.87  31.635  08.458  0018.08  02.20  07.98  303.2  009.26  29.729  1023.156  1477.99 
2024 01 26 15 10 22.12  31.645  08.462  0018.25  02.21  07.98  303.2  009.26  29.737  1023.162  1478.01 
2024 01 26 15 10 22.37  31.680  08.471  0018.44  02.17  07.98  303.2  009.26  29.765  1023.184  1478.08 
2024 01 26 15 10 22.62  31.666  08.398  0018.61  02.42  07.98  303.2  009.26  29.812  1023.232  1477.87 
2024 01 26 15 10 22.87  31.615  08.312  0018.81  02.44  07.98  303.2  009.26  29.832  1023.261  1477.57 
2024 01 26 15 10 23.12  31.580  08.259  0019.02  02.25  07.97  303.2  009.26  29.840  1023.276  1477.38 
2024 01 26 15 10 23.37  31.549  08.188  0019.20  02.12  07.97  303.2  009.26  29.868  1023.308  1477.15 
2024 01 26 15 10 23.62  31.564  08.197  0019.41  02.09  07.96  303.2  009.26  29.876  1023.314  1477.20 
2024 01 26 15 10 23.87  31.584  08.187  0019.60  02.04  07.96  303.2  009.26  29.905  1023.339  1477.20 
2024 01 26 15 10 24.12  31.604  08.200  0019.79  02.14  07.96  303.2  009.26  29.916  1023.347  1477.26 
2024 01 26 15 10 24.37  31.619  08.215  0019.97  02.16  07.96  303.2  009.26  29.918  1023.347  1477.32 
2024 01 26 15 10 24.62  31.644  08.240  0020.12  02.25  07.96  295.5  009.26  29.923  1023.348  1477.43 
2024 01 26 15 10 24.87  31.673  08.255  0020.26  02.26  07.96  295.5  009.26  29.940  1023.360  1477.51 
2024 01 26 15 10 25.12  31.682  08.250  0020.43  02.32  07.96  295.5  009.26  29.953  1023.372  1477.51 
2024 01 26 15 10 25.37  31.685  08.253  0020.58  02.44  07.96  295.5  009.26  29.954  1023.372  1477.53 
2024 01 26 15 10 25.62  31.678  08.234  0020.75  02.55  07.96  295.5  009.26  29.962  1023.383  1477.47 
2024 01 26 15 10 25.87  31.678  08.231  0020.94  02.44  07.96  295.5  009.26  29.965  1023.386  1477.46 
2024 01 26 15 10 26.12  31.691  08.234  0021.12  02.42  07.96  295.5  009.26  29.977  1023.396  1477.49 
2024 01 26 15 10 26.37  31.688  08.207  0021.32  02.40  07.96  295.5  009.26  29.996  1023.416  1477.41 
2024 01 26 15 10 26.62  31.682  08.188  0021.48  02.46  07.95  295.5  009.26  30.006  1023.427  1477.36 
2024 01 26 15 10 26.87  31.657  08.123  0021.66  02.53  07.96  295.5  009.26  30.035  1023.460  1477.15 
2024 01 26 15 10 27.12  31.591  07.987  0021.87  02.39  07.96  295.5  009.26  30.083  1023.517  1476.69 
2024 01 26 15 10 27.37  31.587  07.977  0022.03  02.12  07.96  295.5  009.26  30.087  1023.522  1476.66 
2024 01 26 15 10 27.62  31.587  07.966  0022.25  02.08  07.95  292.4  009.26  30.096  1023.532  1476.63 
2024 01 26 15 10 27.87  31.582  07.953  0022.45  01.97  07.95  292.4  009.26  30.102  1023.539  1476.59 
2024 01 26 15 10 28.12  31.578  07.945  0022.64  01.96  07.95  292.4  009.26  30.105  1023.544  1476.57 
2024 01 26 15 10 28.37  31.561  07.911  0022.82  01.96  07.95  292.4  009.26  30.116  1023.558  1476.45 
2024 01 26 15 10 28.62  31.552  07.896  0023.01  01.89  07.95  292.4  009.26  30.119  1023.563  1476.40 
2024 01 26 15 10 28.87  31.537  07.874  0023.23  01.83  07.94  292.4  009.26  30.122  1023.570  1476.33 
2024 01 26 15 10 29.12  31.518  07.854  0023.43  01.80  07.94  292.4  009.26  30.119  1023.571  1476.25 
2024 01 26 15 10 29.37  31.521  07.839  0023.62  01.64  07.94  292.4  009.26  30.135  1023.586  1476.22 
2024 01 26 15 10 29.62  31.490  07.768  0023.79  01.59  07.93  292.4  009.26  30.164  1023.620  1475.98 
2024 01 26 15 10 29.87  31.482  07.735  0024.04  01.59  07.94  292.4  009.26  30.183  1023.641  1475.88 
2024 01 26 15 10 30.12  31.479  07.713  0024.21  01.53  07.93  292.4  009.26  30.199  1023.656  1475.82 
2024 01 26 15 10 30.37  31.475  07.687  0024.41  01.51  07.93  292.4  009.26  30.218  1023.676  1475.74 
2024 01 26 15 10 30.62  31.471  07.673  0024.57  01.54  07.93  290.2  009.26  30.226  1023.685  1475.70 
2024 01 26 15 10 30.87  31.467  07.667  0024.79  01.50  07.93  290.2  009.26  30.227  1023.688  1475.68 
2024 01 26 15 10 31.12  31.467  07.658  0025.03  01.48  07.93  290.2  009.26  30.234  1023.695  1475.66 
2024 01 26 15 10 31.37  31.461  07.649  0025.21  01.46  07.93  290.2  009.26  30.235  1023.698  1475.63 
2024 01 26 15 10 31.62  31.457  07.618  0025.41  01.43  07.93  290.2  009.26  30.258  1023.721  1475.55 
2024 01 26 15 10 31.87  31.399  07.486  0025.62  01.40  07.92  290.2  009.26  30.311  1023.782  1475.10 
2024 01 26 15 10 32.12  31.368  07.422  0025.83  01.35  07.92  290.2  009.26  30.334  1023.809  1474.89 
2024 01 26 15 10 32.37  31.357  07.381  0026.04  01.21  07.92  290.2  009.26  30.357  1023.834  1474.76 
2024 01 26 15 10 32.62  31.340  07.337  0026.26  01.16  07.91  290.2  009.26  30.378  1023.858  1474.62 
2024 01 26 15 10 32.87  31.341  07.322  0026.47  01.12  07.91  290.2  009.26  30.392  1023.871  1474.58 
2024 01 26 15 10 33.12  31.351  07.318  0026.70  01.16  07.91  290.2  009.26  30.407  1023.884  1474.59 
2024 01 26 15 10 33.37  31.370  07.331  0026.89  01.16  07.91  290.2  009.26  30.416  1023.891  1474.65 
2024 01 26 15 10 33.62  31.384  07.336  0027.10  01.12  07.90  286.7  009.26  30.426  1023.899  1474.69 
2024 01 26 15 10 33.87  31.398  07.345  0027.33  01.08  07.90  286.7  009.26  30.433  1023.904  1474.74 
2024 01 26 15 10 34.12  31.434  07.373  0027.54  01.08  07.91  286.7  009.26  30.447  1023.912  1474.87 
2024 01 26 15 10 34.37  31.479  07.388  0027.77  01.08  07.91  286.7  009.26  30.482  1023.939  1474.97 
2024 01 26 15 10 34.62  31.458  07.339  0027.99  00.99  07.91  286.7  009.26  30.502  1023.963  1474.81 
2024 01 26 15 10 34.87  31.446  07.317  0028.22  00.96  07.91  286.7  009.26  30.509  1023.972  1474.73 
2024 01 26 15 10 35.12  31.443  07.307  0028.45  00.99  07.91  286.7  009.26  30.513  1023.978  1474.71 
2024 01 26 15 10 35.37  31.431  07.286  0028.64  00.99  07.91  286.7  009.26  30.519  1023.986  1474.64 
2024 01 26 15 10 35.62  31.413  07.258  0028.88  01.01  07.91  286.7  009.26  30.525  1023.995  1474.54 
2024 01 26 15 10 35.87  31.378  07.199  0029.09  01.02  07.91  286.7  009.26  30.540  1024.016  1474.33 
2024 01 26 15 10 36.12  31.362  07.168  0029.32  00.96  07.91  286.7  009.26  30.550  1024.029  1474.22 
2024 01 26 15 10 36.37  31.362  07.158  0029.53  00.86  07.91  286.7  009.26  30.559  1024.038  1474.20 
2024 01 26 15 10 36.62  31.381  07.168  0029.73  00.82  07.91  285.8  009.26  30.569  1024.046  1474.26 
2024 01 26 15 10 36.87  31.394  07.175  0029.95  00.88  07.91  285.8  009.26  30.577  1024.052  1474.30 
2024 01 26 15 10 37.12  31.444  07.232  0030.19  00.86  07.91  285.8  009.26  30.581  1024.049  1474.53 
2024 01 26 15 10 37.37  31.542  07.323  0030.40  00.87  07.91  285.8  009.26  30.605  1024.057  1474.92 
2024 01 26 15 10 37.62  31.625  07.382  0030.63  00.90  07.91  285.8  009.26  30.642  1024.079  1475.19 
2024 01 26 15 10 37.87  31.654  07.397  0030.84  00.93  07.91  285.8  009.26  30.660  1024.092  1475.28 
2024 01 26 15 10 38.12  31.657  07.389  0031.06  00.95  07.92  285.8  009.26  30.670  1024.102  1475.26 
2024 01 26 15 10 38.37  31.654  07.386  0031.29  00.90  07.92  285.8  009.26  30.669  1024.102  1475.25 
2024 01 26 15 10 38.62  31.648  07.370  0031.49  00.90  07.91  285.8  009.26  30.677  1024.112  1475.20 
2024 01 26 15 10 38.87  31.651  07.365  0031.73  00.93  07.92  285.8  009.26  30.685  1024.120  1475.20 
2024 01 26 15 10 39.12  31.653  07.364  0031.95  00.95  07.92  285.8  009.26  30.687  1024.123  1475.20 
2024 01 26 15 10 39.37  31.655  07.364  0032.15  00.91  07.92  285.8  009.26  30.690  1024.126  1475.21 
2024 01 26 15 10 39.62  31.654  07.363  0032.39  00.95  07.92  289.0  009.26  30.689  1024.126  1475.21 
2024 01 26 15 10 39.87  31.652  07.359  0032.61  00.97  07.93  289.0  009.26  30.691  1024.129  1475.20 
2024 01 26 15 10 40.12  31.650  07.360  0032.84  00.94  07.93  289.0  009.26  30.688  1024.128  1475.20 
2024 01 26 15 10 40.37  31.646  07.358  0033.06  00.93  07.93  289.0  009.26  30.685  1024.127  1475.19 
2024 01 26 15 10 40.62  31.634  07.341  0033.28  00.92  07.93  289.0  009.26  30.686  1024.131  1475.13 
2024 01 26 15 10 40.87  31.631  07.337  0033.52  00.88  07.93  289.0  009.26  30.687  1024.133  1475.12 
2024 01 26 15 10 41.12  31.626  07.335  0033.74  00.87  07.93  289.0  009.26  30.683  1024.132  1475.11 
2024 01 26 15 10 41.37  31.623  07.327  0033.96  00.85  07.92  289.0  009.26  30.687  1024.137  1475.09 
2024 01 26 15 10 41.62  31.618  07.320  0034.18  00.89  07.92  289.0  009.26  30.688  1024.140  1475.07 
2024 01 26 15 10 41.87  31.607  07.307  0034.39  00.88  07.92  289.0  009.26  30.687  1024.141  1475.02 
2024 01 26 15 10 42.12  31.606  07.306  0034.57  00.91  07.92  289.0  009.26  30.687  1024.143  1475.02 
2024 01 26 15 10 42.37  31.606  07.307  0034.72  00.89  07.92  289.0  009.26  30.686  1024.142  1475.02 
2024 01 26 15 10 42.62  31.608  07.307  0034.85  00.96  07.92  289.9  009.26  30.688  1024.145  1475.03 
2024 01 26 15 10 42.87  31.608  07.306  0034.96  00.94  07.92  289.9  009.26  30.690  1024.146  1475.03 
2024 01 26 15 10 43.12  31.606  07.302  0035.07  00.93  07.92  289.9  009.26  30.690  1024.148  1475.02 
2024 01 26 15 10 43.37  31.605  07.299  0035.15  00.85  07.92  289.9  009.26  30.692  1024.150  1475.01 
2024 01 26 15 10 43.62  31.604  07.297  0035.25  01.06  07.92  289.9  009.26  30.693  1024.151  1475.00 
2024 01 26 15 10 43.87  31.603  07.294  0035.31  01.08  07.92  289.9  009.26  30.694  1024.153  1474.99 
2024 01 26 15 10 44.12  31.606  07.297  0035.33  01.03  07.92  289.9  009.26  30.695  1024.153  1475.01 
2024 01 26 15 10 44.37  31.607  07.305  0035.30  00.98  07.92  289.9  009.26  30.688  1024.147  1475.03 
2024 01 26 15 10 44.62  31.610  07.307  0035.25  00.99  07.91  289.9  009.26  30.690  1024.148  1475.04 
2024 01 26 15 10 44.87  31.611  07.306  0035.19  00.95  07.92  289.9  009.26  30.693  1024.150  1475.03 
2024 01 26 15 10 45.12  31.612  07.306  0035.18  00.95  07.92  289.9  009.26  30.694  1024.151  1475.04 
2024 01 26 15 10 45.37  31.615  07.305  0035.24  00.89  07.92  289.9  009.26  30.698  1024.155  1475.04 
2024 01 26 15 10 45.62  31.611  07.302  0035.27  00.88  07.92  291.0  009.26  30.696  1024.153  1475.02 
2024 01 26 15 10 45.87  31.611  07.304  0035.31  00.86  07.92  291.0  009.26  30.695  1024.153  1475.03 
2024 01 26 15 10 46.12  31.615  07.305  0035.34  00.86  07.92  291.0  009.26  30.697  1024.154  1475.04 
2024 01 26 15 10 46.37  31.614  07.305  0035.35  00.83  07.92  291.0  009.26  30.696  1024.153  1475.04 
2024 01 26 15 10 46.62  31.614  07.306  0035.35  00.85  07.92  291.0  009.26  30.695  1024.152  1475.04 
2024 01 26 15 10 46.87  31.615  07.306  0035.33  00.95  07.92  291.0  009.26  30.697  1024.154  1475.04 
2024 01 26 15 10 47.12  31.615  07.306  0035.32  00.98  07.92  291.0  009.26  30.697  1024.154  1475.04 
2024 01 26 15 10 47.37  31.616  07.306  0035.34  00.85  07.92  291.0  009.26  30.698  1024.155  1475.04 
2024 01 26 15 10 47.62  31.618  07.306  0035.34  00.86  07.91  291.0  009.26  30.700  1024.156  1475.04 
2024 01 26 15 10 47.87  31.617  07.306  0035.36  00.86  07.92  291.0  009.26  30.699  1024.155  1475.05 
2024 01 26 15 10 48.12  31.619  07.307  0035.33  00.85  07.92  291.0  009.26  30.699  1024.156  1475.05 
2024 01 26 15 10 48.37  31.619  07.308  0035.32  00.88  07.92  291.0  009.26  30.699  1024.155  1475.05 
2024 01 26 15 10 48.62  31.619  07.309  0035.33  00.84  07.92  291.4  009.26  30.698  1024.155  1475.06 
2024 01 26 15 10 48.87  31.619  07.307  0035.34  00.88  07.92  291.4  009.26  30.699  1024.156  1475.05 
2024 01 26 15 10 49.12  31.620  07.308  0035.36  00.94  07.92  291.4  009.26  30.701  1024.157  1475.05 
2024 01 26 15 10 49.37  31.623  07.310  0035.41  00.94  07.92  291.4  009.26  30.701  1024.157  1475.06 
2024 01 26 15 10 49.62  31.623  07.312  0035.42  00.90  07.92  291.4  009.26  30.701  1024.156  1475.07 
2024 01 26 15 10 49.87  31.624  07.312  0035.42  00.89  07.92  291.4  009.26  30.701  1024.156  1475.07 
2024 01 26 15 10 50.12  31.624  07.317  0035.42  00.95  07.92  291.4  009.26  30.697  1024.152  1475.09 
2024 01 26 15 10 50.37  31.623  07.312  0035.38  00.86  07.92  291.4  009.26  30.699  1024.155  1475.07 
2024 01 26 15 10 50.62  31.622  07.309  0035.36  00.83  07.91  291.4  009.26  30.701  1024.157  1475.06 
2024 01 26 15 10 50.87  31.621  07.309  0035.36  00.88  07.92  291.4  009.26  30.701  1024.157  1475.06 
2024 01 26 15 10 51.12  31.620  07.305  0035.44  00.87  07.92  291.4  009.26  30.703  1024.159  1475.05 
2024 01 26 15 10 51.37  31.615  07.301  0035.49  00.96  07.92  291.4  009.26  30.701  1024.158  1475.03 
2024 01 26 15 10 51.62  31.616  07.295  0035.57  00.93  07.92  291.4  009.26  30.708  1024.165  1475.02 
2024 01 26 15 10 51.87  31.614  07.280  0035.71  00.90  07.92  291.4  009.26  30.719  1024.176  1474.97 
2024 01 26 15 10 52.12  31.607  07.263  0035.82  00.88  07.92  291.4  009.26  30.726  1024.185  1474.92 
2024 01 26 15 10 52.37  31.603  07.259  0035.91  00.87  07.92  291.4  009.26  30.725  1024.185  1474.90 
2024 01 26 15 10 52.62  31.603  07.256  0035.97  00.80  07.92  291.4  009.26  30.727  1024.187  1474.90 
2024 01 26 15 10 52.87  31.603  07.264  0035.99  00.81  07.92  291.4  009.26  30.720  1024.181  1474.92 
2024 01 26 15 10 53.12  31.604  07.266  0036.03  00.82  07.92  291.4  009.26  30.719  1024.180  1474.93 
2024 01 26 15 10 53.37  31.600  07.258  0036.14  00.85  07.92  291.4  009.26  30.723  1024.184  1474.90 
2024 01 26 15 10 53.62  31.601  07.256  0036.21  00.89  07.91  291.4  009.26  30.726  1024.187  1474.90 
2024 01 26 15 10 53.87  31.600  07.256  0036.27  00.95  07.92  291.4  009.26  30.725  1024.187  1474.90 
2024 01 26 15 10 54.12  31.602  07.256  0036.30  00.84  07.92  291.4  009.26  30.727  1024.188  1474.90 
2024 01 26 15 10 54.37  31.600  07.260  0036.26  00.78  07.92  291.4  009.26  30.721  1024.183  1474.91 
2024 01 26 15 10 54.62  31.601  07.260  0036.21  00.77  07.92  291.6  009.26  30.722  1024.184  1474.91 
2024 01 26 15 10 54.87  31.602  07.260  0036.15  00.79  07.92  291.6  009.26  30.723  1024.184  1474.91 
2024 01 26 15 10 55.12  31.600  07.259  0036.10  00.77  07.92  291.6  009.26  30.721  1024.183  1474.90 
2024 01 26 15 10 55.37  31.603  07.258  0036.10  00.74  07.92  291.6  009.26  30.726  1024.186  1474.90 
2024 01 26 15 10 55.62  31.602  07.259  0036.14  00.77  07.92  291.6  009.26  30.724  1024.185  1474.91 
2024 01 26 15 10 55.87  31.603  07.258  0036.14  00.76  07.92  291.6  009.26  30.725  1024.186  1474.91 
2024 01 26 15 10 56.12  31.603  07.259  0036.12  00.79  07.92  291.6  009.26  30.724  1024.185  1474.91 
2024 01 26 15 10 56.37  31.602  07.260  0036.10  00.80  07.92  291.6  009.26  30.723  1024.184  1474.91 
2024 01 26 15 10 56.62  31.602  07.258  0036.09  00.83  07.91  291.6  009.26  30.725  1024.185  1474.90 
2024 01 26 15 10 56.87  31.602  07.262  0036.10  00.86  07.92  291.6  009.26  30.721  1024.182  1474.92 
2024 01 26 15 10 57.12  31.603  07.258  0036.13  00.83  07.92  291.6  009.26  30.725  1024.186  1474.90 
2024 01 26 15 10 57.37  31.602  07.259  0036.12  00.75  07.92  291.6  009.26  30.724  1024.185  1474.91 
2024 01 26 15 10 57.62  31.601  07.257  0036.15  00.75  07.92  290.9  009.26  30.724  1024.186  1474.90 
2024 01 26 15 10 57.87  31.603  07.258  0036.17  00.78  07.92  290.9  009.26  30.725  1024.186  1474.91 
2024 01 26 15 10 58.12  31.600  07.257  0036.13  00.84  07.91  290.9  009.26  30.723  1024.185  1474.90 
2024 01 26 15 10 58.37  31.600  07.257  0036.12  00.85  07.92  290.9  009.26  30.724  1024.185  1474.90 
2024 01 26 15 10 58.62  31.600  07.257  0036.12  00.89  07.92  290.9  009.26  30.724  1024.185  1474.90 
2024 01 26 15 10 58.87  31.601  07.259  0036.13  00.85  07.91  290.9  009.26  30.723  1024.185  1474.90 
2024 01 26 15 10 59.12  31.603  07.258  0036.11  00.91  07.92  290.9  009.26  30.726  1024.186  1474.90 
2024 01 26 15 10 59.37  31.603  07.259  0036.11  00.85  07.91  290.9  009.26  30.725  1024.185  1474.91 
2024 01 26 15 10 59.62  31.603  07.259  0036.10  00.88  07.91  290.9  009.26  30.725  1024.185  1474.91 
2024 01 26 15 10 59.87  31.602  07.259  0036.04  00.83  07.92  290.9  009.26  30.724  1024.184  1474.91 
2024 01 26 15 11 00.12  31.602  07.259  0035.98  00.78  07.92  290.9  009.26  30.724  1024.185  1474.90 
2024 01 26 15 11 00.37  31.603  07.260  0036.00  00.75  07.91  290.9  009.26  30.724  1024.184  1474.91 
2024 01 26 15 11 00.62  31.602  07.259  0036.09  00.80  07.91  290.4  009.26  30.724  1024.185  1474.90 
2024 01 26 15 11 00.87  31.604  07.258  0036.11  00.78  07.91  290.4  009.26  30.727  1024.187  1474.90 
2024 01 26 15 11 01.12  31.601  07.259  0036.03  00.78  07.92  290.4  009.26  30.723  1024.184  1474.90 
2024 01 26 15 11 01.37  31.600  07.257  0035.92  00.78  07.92  290.4  009.26  30.723  1024.184  1474.89 
2024 01 26 15 11 01.62  31.598  07.257  0035.83  00.82  07.91  290.4  009.26  30.721  1024.182  1474.89 
2024 01 26 15 11 01.87  31.601  07.260  0035.75  00.78  07.91  290.4  009.26  30.722  1024.182  1474.90 
2024 01 26 15 11 02.12  31.601  07.260  0035.64  00.77  07.91  290.4  009.26  30.722  1024.181  1474.90 
2024 01 26 15 11 02.37  31.608  07.277  0035.54  01.12  07.91  290.4  009.26  30.715  1024.173  1474.96 
2024 01 26 15 11 02.62  31.611  07.287  0035.43  00.97  07.91  290.4  009.26  30.709  1024.166  1474.98 
2024 01 26 15 11 02.87  31.611  07.296  0035.33  00.83  07.92  290.4  009.26  30.702  1024.159  1475.01 
2024 01 26 15 11 03.12  31.611  07.299  0035.23  00.86  07.92  290.4  009.26  30.699  1024.156  1475.01 
2024 01 26 15 11 03.37  31.607  07.296  0035.09  00.82  07.91  290.4  009.26  30.697  1024.154  1475.00 
2024 01 26 15 11 03.62  31.604  07.298  0034.97  00.88  07.92  290.2  009.26  30.693  1024.150  1475.00 
2024 01 26 15 11 03.87  31.604  07.299  0034.83  00.85  07.92  290.2  009.26  30.691  1024.148  1475.00 
2024 01 26 15 11 04.12  31.604  07.301  0034.72  00.85  07.92  290.2  009.26  30.690  1024.146  1475.00 
2024 01 26 15 11 04.37  31.607  07.299  0034.63  00.87  07.91  290.2  009.26  30.694  1024.150  1475.00 
2024 01 26 15 11 04.62  31.605  07.306  0034.49  00.85  07.92  290.2  009.26  30.687  1024.142  1475.01 
2024 01 26 15 11 04.87  31.606  07.306  0034.32  00.84  07.92  290.2  009.26  30.687  1024.141  1475.01 
2024 01 26 15 11 05.12  31.609  07.311  0034.12  00.78  07.92  290.2  009.26  30.686  1024.139  1475.03 
2024 01 26 15 11 05.37  31.608  07.311  0033.95  00.76  07.92  290.2  009.26  30.685  1024.138  1475.03 
2024 01 26 15 11 05.62  31.607  07.309  0033.83  00.86  07.91  290.2  009.26  30.687  1024.139  1475.02 
2024 01 26 15 11 05.87  31.608  07.311  0033.69  00.88  07.91  290.2  009.26  30.685  1024.136  1475.02 
2024 01 26 15 11 06.12  31.612  07.316  0033.56  00.89  07.92  290.2  009.26  30.686  1024.135  1475.04 
2024 01 26 15 11 06.37  31.619  07.324  0033.43  00.87  07.92  290.2  009.26  30.685  1024.133  1475.07 
2024 01 26 15 11 06.62  31.627  07.336  0033.31  00.83  07.92  290.0  009.26  30.684  1024.131  1475.11 
2024 01 26 15 11 06.87  31.633  07.343  0033.19  00.85  07.92  290.0  009.26  30.684  1024.129  1475.13 
2024 01 26 15 11 07.12  31.635  07.345  0033.03  00.90  07.92  290.0  009.26  30.685  1024.128  1475.14 
2024 01 26 15 11 07.37  31.642  07.353  0032.90  00.88  07.92  290.0  009.26  30.686  1024.127  1475.17 
2024 01 26 15 11 07.62  31.646  07.357  0032.74  00.88  07.92  290.0  009.26  30.686  1024.126  1475.18 
2024 01 26 15 11 07.87  31.646  07.357  0032.56  00.84  07.92  290.0  009.26  30.687  1024.126  1475.18 
2024 01 26 15 11 08.12  31.646  07.357  0032.37  00.81  07.92  290.0  009.26  30.686  1024.125  1475.18 
2024 01 26 15 11 08.37  31.648  07.355  0032.25  00.83  07.92  290.0  009.26  30.690  1024.128  1475.17 
2024 01 26 15 11 08.62  31.650  07.357  0032.14  00.85  07.91  290.0  009.26  30.690  1024.127  1475.18 
2024 01 26 15 11 08.87  31.649  07.358  0032.07  00.83  07.92  290.0  009.26  30.688  1024.125  1475.18 
2024 01 26 15 11 09.12  31.650  07.360  0031.98  00.87  07.92  290.0  009.26  30.688  1024.124  1475.18 
2024 01 26 15 11 09.37  31.651  07.362  0031.85  00.84  07.92  290.0  009.26  30.687  1024.123  1475.19 
2024 01 26 15 11 09.62  31.656  07.366  0031.73  00.88  07.92  289.9  009.26  30.689  1024.123  1475.21 
2024 01 26 15 11 09.87  31.656  07.367  0031.56  00.86  07.92  289.9  009.26  30.688  1024.122  1475.21 
2024 01 26 15 11 10.12  31.654  07.367  0031.36  00.90  07.92  289.9  009.26  30.687  1024.120  1475.20 
2024 01 26 15 11 10.37  31.650  07.368  0031.22  00.89  07.92  289.9  009.26  30.682  1024.115  1475.20 
2024 01 26 15 11 10.62  31.650  07.369  0031.07  00.88  07.92  289.9  009.26  30.680  1024.113  1475.20 
2024 01 26 15 11 10.87  31.651  07.377  0030.94  00.94  07.92  289.9  009.26  30.675  1024.106  1475.22 
2024 01 26 15 11 11.12  31.652  07.375  0030.82  00.93  07.92  289.9  009.26  30.677  1024.108  1475.21 
2024 01 26 15 11 11.37  31.654  07.382  0030.71  01.10  07.92  289.9  009.26  30.672  1024.103  1475.23 
2024 01 26 15 11 11.62  31.658  07.389  0030.62  01.04  07.91  289.9  009.26  30.671  1024.101  1475.26 
2024 01 26 15 11 11.87  31.660  07.393  0030.51  01.06  07.92  289.9  009.26  30.670  1024.098  1475.27 
2024 01 26 15 11 12.12  31.657  07.396  0030.36  00.92  07.92  289.9  009.26  30.664  1024.093  1475.27 
2024 01 26 15 11 12.37  31.636  07.384  0030.22  00.93  07.92  289.9  009.26  30.652  1024.085  1475.21 
2024 01 26 15 11 12.62  31.625  07.376  0030.09  00.90  07.92  289.8  009.26  30.648  1024.082  1475.17 
2024 01 26 15 11 12.87  31.568  07.319  0029.94  00.91  07.92  289.8  009.26  30.636  1024.080  1474.93 
2024 01 26 15 11 13.12  31.522  07.291  0029.79  00.90  07.92  289.8  009.26  30.613  1024.064  1474.79 
2024 01 26 15 11 13.37  31.508  07.288  0029.68  00.85  07.91  289.8  009.26  30.601  1024.054  1474.76 
2024 01 26 15 11 13.62  31.452  07.219  0029.57  00.80  07.91  289.8  009.26  30.602  1024.064  1474.49 
2024 01 26 15 11 13.87  31.424  07.201  0029.50  00.79  07.91  289.8  009.26  30.587  1024.054  1474.40 
2024 01 26 15 11 14.12  31.393  07.174  0029.35  00.81  07.91  289.8  009.26  30.577  1024.050  1474.28 
2024 01 26 15 11 14.37  31.379  07.168  0029.21  00.79  07.91  289.8  009.26  30.568  1024.043  1474.24 
2024 01 26 15 11 14.62  31.373  07.166  0029.09  00.76  07.90  289.8  009.26  30.563  1024.039  1474.23 
2024 01 26 15 11 14.87  31.369  07.167  0028.92  00.76  07.90  289.8  009.26  30.557  1024.033  1474.22 
2024 01 26 15 11 15.12  31.381  07.202  0028.79  00.74  07.90  289.8  009.26  30.539  1024.013  1474.34 
2024 01 26 15 11 15.37  31.393  07.230  0028.62  00.83  07.90  289.8  009.26  30.528  1024.000  1474.43 
2024 01 26 15 11 15.62  31.416  07.266  0028.46  00.86  07.90  289.9  009.26  30.521  1023.989  1474.56 
2024 01 26 15 11 15.87  31.423  07.271  0028.36  00.91  07.90  289.9  009.26  30.524  1023.990  1474.58 
2024 01 26 15 11 16.12  31.421  07.258  0028.27  00.90  07.90  289.9  009.26  30.534  1024.000  1474.54 
2024 01 26 15 11 16.37  31.431  07.292  0028.17  00.98  07.90  289.9  009.26  30.515  1023.979  1474.64 
2024 01 26 15 11 16.62  31.433  07.301  0028.10  00.98  07.90  289.9  009.26  30.509  1023.973  1474.67 
2024 01 26 15 11 16.87  31.437  07.306  0027.96  01.02  07.90  289.9  009.26  30.508  1023.972  1474.69 
2024 01 26 15 11 17.12  31.438  07.313  0027.85  00.93  07.90  289.9  009.26  30.503  1023.966  1474.71 
2024 01 26 15 11 17.37  31.450  07.333  0027.69  00.93  07.90  289.9  009.26  30.499  1023.959  1474.78 
2024 01 26 15 11 17.62  31.462  07.357  0027.49  00.95  07.90  289.9  009.26  30.490  1023.949  1474.86 
2024 01 26 15 11 17.87  31.463  07.367  0027.31  00.96  07.90  289.9  009.26  30.483  1023.941  1474.88 
2024 01 26 15 11 18.12  31.440  07.361  0027.14  00.98  07.91  289.9  009.26  30.464  1023.926  1474.83 
2024 01 26 15 11 18.37  31.430  07.357  0027.00  01.09  07.91  289.9  009.26  30.457  1023.920  1474.81 
2024 01 26 15 11 18.62  31.424  07.355  0026.89  01.12  07.91  289.6  009.26  30.452  1023.916  1474.79 
2024 01 26 15 11 18.87  31.416  07.351  0026.81  01.13  07.90  289.6  009.26  30.447  1023.912  1474.77 
2024 01 26 15 11 19.12  31.410  07.349  0026.75  01.09  07.90  289.6  009.26  30.443  1023.909  1474.75 
2024 01 26 15 11 19.37  31.402  07.344  0026.63  01.15  07.90  289.6  009.26  30.439  1023.906  1474.73 
2024 01 26 15 11 19.62  31.384  07.333  0026.49  01.04  07.90  289.6  009.26  30.428  1023.898  1474.67 
2024 01 26 15 11 19.87  31.377  07.329  0026.35  00.97  07.90  289.6  009.26  30.425  1023.895  1474.65 
2024 01 26 15 11 20.12  31.365  07.325  0026.18  00.95  07.89  289.6  009.26  30.416  1023.888  1474.62 
2024 01 26 15 11 20.37  31.353  07.328  0026.02  00.93  07.89  289.6  009.26  30.400  1023.874  1474.61 
2024 01 26 15 11 20.62  31.348  07.331  0025.86  01.01  07.88  289.6  009.26  30.392  1023.867  1474.61 
2024 01 26 15 11 20.87  31.344  07.343  0025.72  00.97  07.89  289.6  009.26  30.378  1023.854  1474.63 
2024 01 26 15 11 21.12  31.346  07.356  0025.60  01.11  07.89  289.6  009.26  30.368  1023.844  1474.67 
2024 01 26 15 11 21.37  31.349  07.372  0025.54  01.09  07.89  289.6  009.26  30.357  1023.833  1474.72 
2024 01 26 15 11 21.62  31.351  07.391  0025.43  01.04  07.89  287.1  009.26  30.343  1023.819  1474.77 
2024 01 26 15 11 21.87  31.353  07.398  0025.35  01.00  07.89  287.1  009.26  30.338  1023.814  1474.79 
2024 01 26 15 11 22.12  31.358  07.414  0025.21  01.11  07.89  287.1  009.26  30.331  1023.805  1474.84 
2024 01 26 15 11 22.37  31.385  07.486  0025.05  01.12  07.89  287.1  009.26  30.297  1023.768  1475.08 
2024 01 26 15 11 22.62  31.412  07.530  0024.89  01.18  07.89  287.1  009.26  30.286  1023.753  1475.23 
2024 01 26 15 11 22.87  31.435  07.580  0024.69  01.20  07.89  287.1  009.26  30.268  1023.731  1475.40 
2024 01 26 15 11 23.12  31.449  07.626  0024.55  01.20  07.89  287.1  009.26  30.243  1023.704  1475.54 
2024 01 26 15 11 23.37  31.448  07.628  0024.44  01.33  07.89  287.1  009.26  30.240  1023.702  1475.55 
2024 01 26 15 11 23.62  31.450  07.630  0024.31  01.30  07.89  287.1  009.26  30.241  1023.701  1475.55 
2024 01 26 15 11 23.87  31.462  07.658  0024.23  01.41  07.90  287.1  009.26  30.229  1023.688  1475.64 
2024 01 26 15 11 24.12  31.463  07.664  0024.12  01.34  07.90  287.1  009.26  30.225  1023.684  1475.66 
2024 01 26 15 11 24.37  31.467  07.676  0023.93  01.29  07.90  287.1  009.26  30.220  1023.677  1475.70 
2024 01 26 15 11 24.62  31.469  07.686  0023.80  01.33  07.90  284.0  009.26  30.212  1023.669  1475.73 
2024 01 26 15 11 24.87  31.473  07.701  0023.64  01.31  07.90  284.0  009.26  30.203  1023.659  1475.77 
2024 01 26 15 11 25.12  31.476  07.728  0023.49  01.36  07.90  284.0  009.26  30.183  1023.639  1475.85 
2024 01 26 15 11 25.37  31.483  07.764  0023.39  01.34  07.91  284.0  009.26  30.161  1023.616  1475.95 
2024 01 26 15 11 25.62  31.493  07.786  0023.29  01.38  07.91  284.0  009.26  30.151  1023.605  1476.03 
2024 01 26 15 11 25.87  31.509  07.831  0023.16  01.38  07.91  284.0  009.26  30.130  1023.581  1476.17 
2024 01 26 15 11 26.12  31.517  07.835  0023.07  01.57  07.91  284.0  009.26  30.134  1023.584  1476.19 
2024 01 26 15 11 26.37  31.521  07.857  0022.98  01.63  07.91  284.0  009.26  30.120  1023.569  1476.25 
2024 01 26 15 11 26.62  31.529  07.876  0022.86  01.63  07.90  284.0  009.26  30.112  1023.560  1476.31 
2024 01 26 15 11 26.87  31.531  07.878  0022.71  01.87  07.91  284.0  009.26  30.113  1023.560  1476.32 
2024 01 26 15 11 27.12  31.547  07.902  0022.56  01.66  07.91  284.0  009.26  30.109  1023.552  1476.41 
2024 01 26 15 11 27.37  31.562  07.927  0022.43  01.58  07.91  284.0  009.26  30.104  1023.544  1476.49 
2024 01 26 15 11 27.62  31.564  07.926  0022.30  01.64  07.91  281.9  009.26  30.106  1023.546  1476.49 
2024 01 26 15 11 27.87  31.572  07.942  0022.15  01.92  07.92  281.9  009.26  30.102  1023.539  1476.54 
2024 01 26 15 11 28.12  31.579  07.954  0021.99  01.83  07.92  281.9  009.26  30.098  1023.534  1476.58 
2024 01 26 15 11 28.37  31.578  07.961  0021.85  01.75  07.92  281.9  009.26  30.092  1023.528  1476.60 
2024 01 26 15 11 28.62  31.578  07.965  0021.74  01.73  07.92  281.9  009.26  30.087  1023.523  1476.61 
2024 01 26 15 11 28.87  31.591  07.990  0021.65  01.78  07.92  281.9  009.26  30.080  1023.513  1476.69 
2024 01 26 15 11 29.12  31.616  08.067  0021.52  01.94  07.92  281.9  009.26  30.041  1023.472  1476.94 
2024 01 26 15 11 29.37  31.653  08.133  0021.36  02.02  07.92  281.9  009.26  30.023  1023.447  1477.16 
2024 01 26 15 11 29.62  31.665  08.147  0021.19  02.00  07.92  281.9  009.26  30.023  1023.445  1477.22 
2024 01 26 15 11 29.87  31.670  08.187  0021.06  02.07  07.93  281.9  009.26  29.995  1023.417  1477.33 
2024 01 26 15 11 30.12  31.667  08.195  0020.93  02.09  07.93  281.9  009.26  29.985  1023.407  1477.35 
2024 01 26 15 11 30.37  31.666  08.206  0020.83  02.11  07.93  281.9  009.26  29.973  1023.396  1477.38 
2024 01 26 15 11 30.62  31.669  08.221  0020.73  02.28  07.93  281.9  009.26  29.964  1023.386  1477.42 
2024 01 26 15 11 30.87  31.671  08.235  0020.61  02.34  07.93  281.9  009.26  29.955  1023.377  1477.46 
2024 01 26 15 11 31.12  31.671  08.239  0020.49  02.33  07.93  281.9  009.26  29.952  1023.373  1477.47 
2024 01 26 15 11 31.37  31.674  08.242  0020.38  02.28  07.93  281.9  009.26  29.952  1023.372  1477.48 
2024 01 26 15 11 31.62  31.676  08.250  0020.25  02.25  07.93  281.9  009.26  29.948  1023.367  1477.50 
2024 01 26 15 11 31.87  31.679  08.257  0020.13  02.35  07.93  281.9  009.26  29.945  1023.363  1477.52 
2024 01 26 15 11 32.12  31.682  08.265  0020.00  02.53  07.94  281.9  009.26  29.941  1023.358  1477.54 
2024 01 26 15 11 32.37  31.679  08.267  0019.89  02.47  07.94  281.9  009.26  29.936  1023.354  1477.55 
2024 01 26 15 11 32.62  31.674  08.265  0019.80  02.45  07.93  281.9  009.26  29.932  1023.350  1477.53 
2024 01 26 15 11 32.87  31.670  08.263  0019.71  02.43  07.94  281.9  009.26  29.930  1023.349  1477.52 
2024 01 26 15 11 33.12  31.663  08.260  0019.62  02.34  07.94  281.9  009.26  29.926  1023.345  1477.50 
2024 01 26 15 11 33.37  31.641  08.243  0019.47  02.33  07.94  281.9  009.26  29.917  1023.340  1477.42 
2024 01 26 15 11 33.62  31.629  08.238  0019.34  02.22  07.94  282.5  009.26  29.909  1023.334  1477.39 
2024 01 26 15 11 33.87  31.627  08.239  0019.17  02.14  07.94  282.5  009.26  29.906  1023.331  1477.39 
2024 01 26 15 11 34.12  31.622  08.238  0019.02  02.11  07.94  282.5  009.26  29.901  1023.327  1477.38 
2024 01 26 15 11 34.37  31.596  08.223  0018.90  02.21  07.94  282.5  009.26  29.887  1023.317  1477.30 
2024 01 26 15 11 34.62  31.574  08.214  0018.79  02.06  07.94  282.5  009.26  29.872  1023.306  1477.25 
2024 01 26 15 11 34.87  31.562  08.214  0018.69  01.99  07.94  282.5  009.26  29.859  1023.296  1477.23 
2024 01 26 15 11 35.12  31.561  08.216  0018.59  02.02  07.94  282.5  009.26  29.857  1023.293  1477.23 
2024 01 26 15 11 35.37  31.564  08.239  0018.48  01.88  07.93  282.5  009.26  29.841  1023.277  1477.30 
2024 01 26 15 11 35.62  31.576  08.261  0018.40  01.89  07.93  282.5  009.26  29.834  1023.268  1477.37 
2024 01 26 15 11 35.87  31.601  08.310  0018.27  01.99  07.94  282.5  009.26  29.819  1023.249  1477.54 
2024 01 26 15 11 36.12  31.629  08.346  0018.13  01.96  07.94  282.5  009.26  29.817  1023.242  1477.67 
2024 01 26 15 11 36.37  31.644  08.373  0018.04  02.13  07.94  282.5  009.26  29.810  1023.232  1477.76 
2024 01 26 15 11 36.62  31.660  08.428  0017.88  02.22  07.94  283.7  009.26  29.781  1023.200  1477.93 
2024 01 26 15 11 36.87  31.658  08.453  0017.70  02.31  07.94  283.7  009.26  29.758  1023.178  1478.00 
2024 01 26 15 11 37.12  31.640  08.459  0017.61  02.30  07.94  283.7  009.26  29.734  1023.158  1477.99 
2024 01 26 15 11 37.37  31.635  08.466  0017.47  02.21  07.94  283.7  009.26  29.723  1023.147  1478.00 
2024 01 26 15 11 37.62  31.630  08.472  0017.28  02.19  07.95  283.7  009.26  29.713  1023.138  1478.00 
2024 01 26 15 11 37.87  31.629  08.490  0017.12  02.09  07.95  283.7  009.26  29.696  1023.122  1478.05 
2024 01 26 15 11 38.12  31.628  08.496  0016.99  02.13  07.95  283.7  009.26  29.691  1023.116  1478.06 
2024 01 26 15 11 38.37  31.624  08.522  0016.88  02.06  07.95  283.7  009.26  29.665  1023.091  1478.13 
2024 01 26 15 11 38.62  31.620  08.557  0016.77  01.99  07.94  283.7  009.26  29.631  1023.059  1478.22 
2024 01 26 15 11 38.87  31.622  08.580  0016.69  02.03  07.95  283.7  009.26  29.614  1023.042  1478.28 
2024 01 26 15 11 39.12  31.628  08.601  0016.55  02.12  07.95  283.7  009.26  29.603  1023.030  1478.35 
2024 01 26 15 11 39.37  31.635  08.618  0016.39  02.15  07.95  283.7  009.26  29.597  1023.022  1478.40 
2024 01 26 15 11 39.62  31.633  08.623  0016.26  02.16  07.95  284.3  009.26  29.590  1023.015  1478.41 
2024 01 26 15 11 39.87  31.639  08.634  0016.15  02.00  07.95  284.3  009.26  29.587  1023.010  1478.45 
2024 01 26 15 11 40.12  31.654  08.686  0016.03  02.11  07.95  284.3  009.26  29.559  1022.981  1478.60 
2024 01 26 15 11 40.37  31.658  08.694  0015.93  02.25  07.96  284.3  009.26  29.557  1022.977  1478.63 
2024 01 26 15 11 40.62  31.671  08.745  0015.81  02.16  07.96  284.3  009.26  29.528  1022.947  1478.78 
2024 01 26 15 11 40.87  31.702  08.820  0015.67  02.21  07.96  284.3  009.26  29.497  1022.911  1479.03 
2024 01 26 15 11 41.12  31.705  08.830  0015.53  02.30  07.96  284.3  009.26  29.492  1022.905  1479.06 
2024 01 26 15 11 41.37  31.712  08.851  0015.39  02.47  07.96  284.3  009.26  29.481  1022.893  1479.12 
2024 01 26 15 11 41.62  31.726  08.874  0015.24  02.63  07.96  284.3  009.26  29.477  1022.885  1479.20 
2024 01 26 15 11 41.87  31.745  08.923  0015.12  02.61  07.97  284.3  009.26  29.456  1022.861  1479.35 
2024 01 26 15 11 42.12  31.731  08.871  0015.07  02.97  07.97  284.3  009.26  29.484  1022.891  1479.19 
2024 01 26 15 11 42.37  31.754  08.994  0015.01  03.62  07.97  284.3  009.26  29.406  1022.811  1479.56 
2024 01 26 15 11 42.62  31.763  08.989  0015.00  03.87  07.98  284.6  009.26  29.419  1022.822  1479.56 
2024 01 26 15 11 42.87  31.772  09.050  0014.96  04.19  07.98  284.6  009.26  29.379  1022.781  1479.73 
2024 01 26 15 11 43.12  31.819  09.150  0014.86  04.18  07.98  284.6  009.26  29.344  1022.739  1480.06 
2024 01 26 15 11 43.37  31.845  09.200  0014.72  04.25  07.98  284.6  009.26  29.330  1022.720  1480.23 
2024 01 26 15 11 43.62  31.900  09.264  0014.55  04.65  07.99  284.6  009.26  29.333  1022.712  1480.47 
2024 01 26 15 11 43.87  31.945  09.313  0014.35  04.99  07.99  284.6  009.26  29.339  1022.708  1480.65 
2024 01 26 15 11 44.12  32.008  09.399  0014.14  05.15  07.99  284.6  009.26  29.332  1022.689  1480.96 
2024 01 26 15 11 44.37  31.993  09.344  0014.04  06.06  08.00  284.6  009.26  29.362  1022.719  1480.79 
2024 01 26 15 11 44.62  31.969  09.344  0013.98  06.25  07.99  284.6  009.26  29.337  1022.700  1480.76 
2024 01 26 15 11 44.87  32.004  09.417  0013.93  06.54  08.00  284.6  009.26  29.313  1022.670  1481.00 
2024 01 26 15 11 45.12  32.023  09.457  0013.88  06.69  08.01  284.6  009.26  29.300  1022.654  1481.13 
2024 01 26 15 11 45.37  32.052  09.495  0013.77  06.85  08.01  284.6  009.26  29.298  1022.646  1481.27 
2024 01 26 15 11 45.62  32.065  09.527  0013.59  06.95  08.01  287.1  009.26  29.286  1022.630  1481.37 
2024 01 26 15 11 45.87  32.074  09.550  0013.49  06.98  08.01  287.1  009.26  29.276  1022.618  1481.44 
2024 01 26 15 11 46.12  32.075  09.555  0013.31  07.19  08.01  287.1  009.26  29.273  1022.615  1481.45 
2024 01 26 15 11 46.37  32.079  09.571  0013.12  07.69  08.01  287.1  009.26  29.265  1022.605  1481.50 
2024 01 26 15 11 46.62  32.069  09.583  0013.00  07.37  08.01  287.1  009.26  29.244  1022.586  1481.52 
2024 01 26 15 11 46.87  32.064  09.600  0012.84  07.63  08.01  287.1  009.26  29.225  1022.568  1481.55 
2024 01 26 15 11 47.12  32.070  09.621  0012.72  07.52  08.01  287.1  009.26  29.214  1022.556  1481.61 
2024 01 26 15 11 47.37  32.064  09.631  0012.61  07.72  08.02  287.1  009.26  29.200  1022.543  1481.63 
2024 01 26 15 11 47.62  32.059  09.624  0012.55  08.51  08.01  287.1  009.26  29.201  1022.544  1481.61 
2024 01 26 15 11 47.87  32.055  09.673  0012.43  08.36  08.02  287.1  009.26  29.157  1022.502  1481.73 
2024 01 26 15 11 48.12  32.053  09.688  0012.30  08.83  08.02  287.1  009.26  29.144  1022.489  1481.77 
2024 01 26 15 11 48.37  32.061  09.724  0012.15  09.11  08.02  287.1  009.26  29.122  1022.466  1481.87 
2024 01 26 15 11 48.62  32.060  09.751  0011.97  09.52  08.02  290.8  009.26  29.099  1022.442  1481.94 
2024 01 26 15 11 48.87  32.053  09.755  0011.74  09.91  08.02  290.8  009.26  29.089  1022.433  1481.94 
2024 01 26 15 11 49.12  32.050  09.789  0011.59  09.99  08.02  290.8  009.26  29.059  1022.404  1482.02 
2024 01 26 15 11 49.37  32.045  09.812  0011.50  10.28  08.03  290.8  009.26  29.036  1022.382  1482.08 
2024 01 26 15 11 49.62  32.040  09.835  0011.37  10.67  08.03  290.8  009.26  29.012  1022.359  1482.13 
2024 01 26 15 11 49.87  32.028  09.865  0011.28  11.15  08.03  290.8  009.26  28.976  1022.325  1482.20 
2024 01 26 15 11 50.12  32.026  09.880  0011.22  11.71  08.03  290.8  009.26  28.962  1022.312  1482.24 
2024 01 26 15 11 50.37  32.029  09.908  0011.07  11.89  08.03  290.8  009.26  28.942  1022.292  1482.31 
2024 01 26 15 11 50.62  32.033  09.925  0010.94  12.10  08.03  290.8  009.26  28.932  1022.281  1482.36 
2024 01 26 15 11 50.87  32.028  09.945  0010.79  12.62  08.03  290.8  009.26  28.912  1022.261  1482.40 
2024 01 26 15 11 51.12  32.022  09.942  0010.64  12.55  08.04  290.8  009.26  28.909  1022.258  1482.39 
2024 01 26 15 11 51.37  32.012  09.946  0010.45  12.86  08.04  290.8  009.26  28.895  1022.246  1482.38 
2024 01 26 15 11 51.62  32.005  09.950  0010.31  13.05  08.04  295.0  009.26  28.886  1022.238  1482.38 
2024 01 26 15 11 51.87  32.004  09.947  0010.24  13.34  08.04  295.0  009.26  28.886  1022.238  1482.37 
2024 01 26 15 11 52.12  32.010  09.940  0010.21  13.83  08.04  295.0  009.26  28.898  1022.248  1482.36 
2024 01 26 15 11 52.37  32.004  09.945  0010.18  15.51  08.04  295.0  009.26  28.888  1022.240  1482.37 
2024 01 26 15 11 52.62  31.994  09.950  0010.11  14.58  08.04  295.0  009.26  28.875  1022.228  1482.37 
2024 01 26 15 11 52.87  31.992  09.952  0010.04  14.50  08.04  295.0  009.26  28.871  1022.224  1482.37 
2024 01 26 15 11 53.12  31.990  09.953  0009.86  14.89  08.04  295.0  009.26  28.867  1022.220  1482.37 
2024 01 26 15 11 53.37  31.984  09.956  0009.69  14.23  08.04  295.0  009.26  28.859  1022.213  1482.37 
2024 01 26 15 11 53.62  31.983  09.956  0009.52  14.85  08.03  295.0  009.29  28.859  1022.212  1482.36 
2024 01 26 15 11 53.87  31.981  09.956  0009.41  15.21  08.04  295.0  009.26  28.856  1022.209  1482.36 
2024 01 26 15 11 54.12  31.974  09.958  0009.32  14.67  08.04  295.0  009.26  28.848  1022.202  1482.35 
2024 01 26 15 11 54.37  31.973  09.957  0009.25  14.55  08.05  295.0  009.26  28.848  1022.201  1482.35 
2024 01 26 15 11 54.62  31.972  09.958  0009.15  13.98  08.05  298.0  009.26  28.846  1022.200  1482.35 
2024 01 26 15 11 54.87  31.968  09.958  0009.04  13.76  08.05  298.0  009.26  28.842  1022.196  1482.34 
2024 01 26 15 11 55.12  31.958  09.959  0008.89  14.27  08.05  298.0  009.26  28.832  1022.187  1482.33 
2024 01 26 15 11 55.37  31.953  09.959  0008.74  15.22  08.05  298.0  009.26  28.827  1022.183  1482.32 
2024 01 26 15 11 55.62  31.951  09.958  0008.61  14.99  08.05  298.0  009.26  28.825  1022.181  1482.31 
2024 01 26 15 11 55.87  31.943  09.958  0008.45  15.41  08.05  298.0  009.26  28.817  1022.174  1482.30 
2024 01 26 15 11 56.12  31.939  09.957  0008.30  15.13  08.05  298.0  009.26  28.814  1022.171  1482.29 
2024 01 26 15 11 56.37  31.931  09.958  0008.13  15.40  08.05  298.0  009.26  28.806  1022.164  1482.28 
2024 01 26 15 11 56.62  31.923  09.963  0007.97  15.59  08.04  298.0  009.26  28.794  1022.153  1482.28 
2024 01 26 15 11 56.87  31.910  09.970  0007.82  15.14  08.05  298.0  009.26  28.775  1022.137  1482.28 
2024 01 26 15 11 57.12  31.908  09.972  0007.72  15.35  08.05  298.0  009.26  28.771  1022.133  1482.28 
2024 01 26 15 11 57.37  31.903  09.976  0007.60  15.76  08.06  298.0  009.26  28.764  1022.126  1482.29 
2024 01 26 15 11 57.62  31.888  09.984  0007.45  15.42  08.06  301.1  009.26  28.742  1022.107  1482.29 
2024 01 26 15 11 57.87  31.873  10.000  0007.30  15.45  08.06  301.1  009.26  28.715  1022.083  1482.31 
2024 01 26 15 11 58.12  31.849  10.045  0007.11  15.55  08.06  301.1  009.26  28.655  1022.028  1482.40 
2024 01 26 15 11 58.37  31.815  10.152  0006.91  15.44  08.06  301.1  009.26  28.537  1021.918  1482.64 
2024 01 26 15 11 58.62  31.717  10.255  0006.77  15.85  08.06  301.1  009.26  28.360  1021.764  1482.80 
2024 01 26 15 11 58.87  31.604  10.250  0006.68  16.58  08.06  301.1  009.26  28.252  1021.680  1482.65 
2024 01 26 15 11 59.12  31.673  10.195  0006.64  16.56  08.07  301.1  009.26  28.362  1021.774  1482.59 
2024 01 26 15 11 59.37  31.774  10.148  0006.67  16.26  08.07  301.1  009.26  28.499  1021.889  1482.58 
2024 01 26 15 11 59.62  31.719  10.201  0006.69  16.99  08.06  301.1  009.26  28.403  1021.805  1482.66 
2024 01 26 15 11 59.87  31.622  10.287  0006.62  16.32  08.07  301.1  009.26  28.241  1021.665  1482.77 
2024 01 26 15 12 00.12  31.539  10.330  0006.49  14.23  08.07  301.1  009.26  28.126  1021.568  1482.79 
2024 01 26 15 12 00.37  31.514  10.326  0006.31  14.08  08.07  301.1  009.26  28.104  1021.551  1482.74 
2024 01 26 15 12 00.62  31.475  10.309  0006.16  13.81  08.07  305.9  009.26  28.079  1021.533  1482.65 
2024 01 26 15 12 00.87  31.441  10.291  0005.98  13.78  08.07  305.9  009.26  28.060  1021.520  1482.56 
2024 01 26 15 12 01.12  31.393  10.285  0005.85  13.60  08.07  305.9  009.26  28.017  1021.488  1482.48 
2024 01 26 15 12 01.37  31.334  10.333  0005.69  13.31  08.07  305.9  009.26  27.921  1021.405  1482.54 
2024 01 26 15 12 01.62  31.313  10.378  0005.55  13.17  08.07  305.9  009.26  27.866  1021.354  1482.63 
2024 01 26 15 12 01.87  31.247  10.425  0005.40  13.82  08.08  305.9  009.26  27.765  1021.267  1482.68 
2024 01 26 15 12 02.12  31.229  10.414  0005.28  14.30  08.08  305.9  009.26  27.757  1021.262  1482.63 
2024 01 26 15 12 02.37  31.240  10.431  0005.22  13.19  08.08  305.9  009.26  27.754  1021.257  1482.68 
2024 01 26 15 12 02.62  31.206  10.508  0005.09  12.39  08.07  305.9  009.26  27.663  1021.173  1482.85 
2024 01 26 15 12 02.87  30.965  10.649  0004.98  12.67  08.08  305.9  009.26  27.321  1020.884  1482.95 
2024 01 26 15 12 03.12  30.911  10.675  0004.84  12.58  08.08  305.9  009.26  27.249  1020.823  1482.95 
2024 01 26 15 12 03.37  30.333  10.603  0004.67  11.34  08.08  305.9  009.26  26.740  1020.438  1482.08 
2024 01 26 15 12 03.62  30.039  10.493  0004.51  10.81  08.08  306.8  009.26  26.534  1020.295  1481.43 
2024 01 26 15 12 03.87  30.071  10.460  0004.34  10.18  08.08  306.8  009.26  26.589  1020.342  1481.37 
2024 01 26 15 12 04.12  30.093  10.488  0004.25  09.84  08.08  306.8  009.26  26.590  1020.338  1481.47 
2024 01 26 15 12 04.37  30.102  10.491  0004.18  10.04  08.09  306.8  009.26  26.597  1020.342  1481.49 
2024 01 26 15 12 04.62  30.091  10.474  0004.09  08.92  08.09  306.8  009.26  26.599  1020.346  1481.43 
2024 01 26 15 12 04.87  29.861  10.415  0003.93  07.83  08.09  306.8  009.26  26.417  1020.213  1480.99 
2024 01 26 15 12 05.12  29.852  10.409  0003.83  07.60  08.09  306.8  009.26  26.412  1020.210  1480.96 
2024 01 26 15 12 05.37  29.798  10.388  0003.65  07.37  08.09  306.8  009.26  26.375  1020.184  1480.84 
2024 01 26 15 12 05.62  29.798  10.390  0003.49  07.18  08.08  306.8  009.26  26.373  1020.182  1480.84 
2024 01 26 15 12 05.87  29.760  10.379  0003.26  06.81  08.09  306.8  009.26  26.345  1020.160  1480.76 
2024 01 26 15 12 06.12  29.751  10.382  0003.10  06.79  08.09  306.8  009.26  26.334  1020.150  1480.76 
2024 01 26 15 12 06.37  29.727  10.415  0002.97  06.66  08.09  306.8  009.26  26.286  1020.107  1480.82 
2024 01 26 15 12 06.62  29.696  10.457  0002.83  06.90  08.09  305.9  009.26  26.227  1020.054  1480.90 
2024 01 26 15 12 06.87  29.675  10.479  0002.72  06.39  08.09  305.9  009.26  26.189  1020.021  1480.93 
2024 01 26 15 12 07.12  29.802  10.417  0002.67  06.37  08.09  305.9  009.26  26.358  1020.161  1480.91 
2024 01 26 15 12 07.37  29.763  10.496  0002.65  06.57  08.09  305.9  009.26  26.263  1020.075  1481.08 
2024 01 26 15 12 07.62  29.766  10.452  0002.57  06.04  08.09  305.9  009.26  26.297  1020.108  1480.96 
2024 01 26 15 12 07.87  29.632  10.572  0002.40  05.58  08.09  305.9  009.26  26.082  1019.921  1481.13 
2024 01 26 15 12 08.12  29.622  10.589  0002.22  05.31  08.09  305.9  009.26  26.059  1019.900  1481.17 
2024 01 26 15 12 08.37  29.627  10.574  0002.05  05.76  08.09  305.9  009.26  26.076  1019.914  1481.13 
2024 01 26 15 12 08.62  29.603  10.592  0001.85  05.47  08.08  305.9  009.26  26.039  1019.883  1481.15 
2024 01 26 15 12 08.87  29.575  10.625  0001.69  05.26  08.09  305.9  009.26  25.989  1019.838  1481.20 
2024 01 26 15 12 09.12  29.583  10.613  0001.67  05.03  08.09  305.9  009.26  26.006  1019.852  1481.18 
2024 01 26 15 12 09.37  29.570  10.639  0001.68  04.94  08.09  305.9  009.26  25.974  1019.824  1481.23 
2024 01 26 15 12 09.62  29.574  10.621  0001.63  05.11  08.09  307.6  009.26  25.990  1019.839  1481.19 
2024 01 26 15 12 09.87  29.493  10.690  0001.46  04.96  08.09  307.6  009.26  25.863  1019.729  1481.28 
2024 01 26 15 12 10.12  29.443  10.713  0001.38  04.68  08.09  307.6  009.26  25.798  1019.674  1481.29 
2024 01 26 15 12 10.37  29.469  10.709  0001.42  04.41  08.09  307.6  009.26  25.826  1019.697  1481.31 
2024 01 26 15 12 10.62  29.406  10.748  0001.43  04.37  08.09  307.6  009.26  25.738  1019.622  1481.34 
2024 01 26 15 12 10.87  29.350  10.773  0001.42  04.29  08.09  307.6  009.26  25.667  1019.563  1481.35 
2024 01 26 15 12 11.12  29.326  10.785  0001.43  04.11  08.09  307.6  009.26  25.635  1019.536  1481.35 
2024 01 26 15 12 11.37  29.333  10.779  0001.44  03.93  08.09  307.6  009.26  25.646  1019.546  1481.34 
2024 01 26 15 12 11.62  29.337  10.784  0001.46  04.07  08.08  307.6  009.26  25.647  1019.546  1481.36 
2024 01 26 15 12 11.87  29.334  10.793  0001.47  04.35  08.09  307.6  009.26  25.638  1019.537  1481.39 
2024 01 26 15 12 12.12  29.322  10.793  0001.51  04.18  08.09  307.6  009.26  25.626  1019.528  1481.37 
2024 01 26 15 12 12.37  29.326  10.791  0001.50  04.27  08.09  307.6  009.26  25.630  1019.532  1481.37 
2024 01 26 15 12 12.62  29.328  10.786  0001.48  04.56  08.09  305.8  009.26  25.637  1019.538  1481.36 
2024 01 26 15 12 12.87  29.324  10.783  0001.44  04.51  08.09  305.8  009.26  25.635  1019.537  1481.34 
2024 01 26 15 12 13.12  29.327  10.783  0001.44  04.17  08.09  305.8  009.26  25.638  1019.539  1481.35 
2024 01 26 15 12 13.37  29.326  10.781  0001.41  04.11  08.09  305.8  009.26  25.638  1019.539  1481.34 
2024 01 26 15 12 13.62  29.298  10.797  0001.37  04.33  08.09  305.8  009.26  25.600  1019.507  1481.35 
2024 01 26 15 12 13.87  29.267  10.803  0001.34  04.48  08.09  305.8  009.26  25.566  1019.479  1481.33 
2024 01 26 15 12 14.12  29.280  10.800  0001.34  04.44  08.09  305.8  009.26  25.581  1019.491  1481.34 
2024 01 26 15 12 14.37  29.277  10.801  0001.34  04.41  08.09  305.8  009.26  25.577  1019.488  1481.34 
2024 01 26 15 12 14.62  29.269  10.809  0001.33  04.19  08.08  305.8  009.26  25.564  1019.476  1481.35 
2024 01 26 15 12 14.87  29.248  10.814  0001.28  04.08  08.09  305.8  009.26  25.541  1019.458  1481.34 
2024 01 26 15 12 15.12  29.236  10.816  0001.25  04.24  08.09  305.8  009.26  25.527  1019.446  1481.33 
2024 01 26 15 12 15.37  29.242  10.814  0001.27  04.28  08.09  305.8  009.26  25.534  1019.453  1481.33 
2024 01 26 15 12 15.62  29.248  10.812  0001.32  04.06  08.09  306.3  009.26  25.542  1019.459  1481.34 
2024 01 26 15 12 15.87  29.241  10.817  0001.36  04.39  08.09  306.3  009.26  25.531  1019.450  1481.34 
2024 01 26 15 12 16.12  29.209  10.818  0001.27  04.44  08.09  306.3  009.26  25.500  1019.425  1481.31 
2024 01 26 15 12 16.37  29.151  10.818  0001.17  04.26  08.09  306.3  009.26  25.444  1019.381  1481.24 
2024 01 26 15 12 16.62  29.158  10.818  0001.09  04.13  08.08  306.3  009.26  25.450  1019.386  1481.25 
2024 01 26 15 12 16.87  29.132  10.817  0001.04  04.06  08.09  306.3  009.26  25.427  1019.367  1481.21 
2024 01 26 15 12 17.12  29.073  10.811  0000.96  03.99  08.09  306.3  009.26  25.374  1019.327  1481.13 
2024 01 26 15 12 17.37  29.041  10.809  0000.85  03.84  08.09  306.3  009.26  25.344  1019.304  1481.08 
2024 01 26 15 12 17.62  29.008  10.805  0000.59  03.78  08.08  306.3  009.26  25.316  1019.281  1481.03 
2024 01 26 15 12 17.87  28.978  10.798  0000.48  03.79  08.09  306.3  009.26  25.292  1019.263  1480.97 
2024 01 26 15 12 18.12  28.900  10.783  0000.37  03.82  08.09  306.3  009.26  25.227  1019.214  1480.84 
2024 01 26 15 12 18.37  28.866  10.777  0000.29  03.75  08.09  306.3  009.26  25.199  1019.193  1480.78 
2024 01 26 15 12 18.62  28.824  10.770  0000.15  03.60  08.09  306.2  009.26  25.163  1019.166  1480.71 
2024 01 26 15 12 18.87  28.825  10.769  0000.02  03.58  08.09  306.2  009.26  25.165  1019.167  1480.70 
2024 01 26 15 12 19.12  26.148  10.768  0000.02  03.57  08.11  306.2  009.26  22.607  1017.181  1477.63 
2024 01 26 15 12 19.37  02.441  10.759  0000.01  28.55  08.10  306.2  009.26  01.767  1001.015  1452.46 
2024 01 26 15 12 19.62  00.875  10.757  0000.00  31.97  08.11  306.2  009.26  00.602  1000.104  1451.01 
2024 01 26 15 12 19.87  00.529  10.696  0000.01  11.29  08.11  306.2  009.26  00.358  0999.919  1450.47 
2024 01 26 15 12 20.12  00.262  10.560  0000.02  04.37  08.10  306.2  009.26  00.174  0999.787  1449.71 
2024 01 26 15 12 20.37  00.123  10.517  0000.01  02.28  08.08  306.2  009.26  00.080  0999.718  1449.42 
