2024 06 27 11 09 38.16  11.753  03.624  0000.00  00.60  17.04  364.3  009.26  11.642  1009.263  1435.01 
2024 06 27 11 09 38.41  29.508  05.368  0000.02  01.32  16.40  364.3  009.26  30.125  1023.773  1466.03 
2024 06 27 11 09 38.66  29.471  05.395  0000.09  04.23  07.73  364.3  009.26  30.059  1023.719  1466.06 
2024 06 27 11 09 38.91  29.462  05.392  0000.21  05.69  07.77  364.3  009.26  30.052  1023.714  1466.04 
2024 06 27 11 09 39.16  29.503  05.387  0000.29  05.75  07.83  364.3  009.26  30.102  1023.755  1466.09 
2024 06 27 11 09 39.41  29.513  05.383  0000.37  06.06  07.88  364.3  009.26  30.117  1023.768  1466.09 
2024 06 27 11 09 39.66  29.526  05.387  0000.47  06.41  07.90  364.3  009.26  30.128  1023.776  1466.12 
2024 06 27 11 09 39.91  29.520  05.384  0000.53  06.27  07.93  364.3  009.26  30.124  1023.773  1466.10 
2024 06 27 11 09 40.16  29.520  05.369  0000.53  06.04  07.95  364.6  009.26  30.137  1023.785  1466.06 
2024 06 27 11 09 40.41  29.534  05.381  0000.55  06.15  07.94  364.6  009.26  30.142  1023.788  1466.12 
2024 06 27 11 09 40.66  29.529  05.376  0000.57  06.00  07.94  364.6  009.26  30.141  1023.788  1466.10 
2024 06 27 11 09 40.91  29.528  05.380  0000.66  06.05  07.94  364.6  009.26  30.137  1023.785  1466.11 
2024 06 27 11 09 41.16  29.531  05.372  0000.69  06.43  07.94  364.6  009.26  30.147  1023.794  1466.09 
2024 06 27 11 09 41.41  29.520  05.369  0000.74  06.64  07.94  364.6  009.26  30.137  1023.787  1466.06 
2024 06 27 11 09 41.66  29.521  05.364  0000.78  06.41  07.94  364.6  009.26  30.142  1023.792  1466.05 
2024 06 27 11 09 41.91  29.521  05.364  0000.80  06.12  07.94  364.6  009.26  30.142  1023.791  1466.05 
2024 06 27 11 09 42.16  29.521  05.361  0000.79  05.76  07.93  364.6  009.26  30.145  1023.794  1466.04 
2024 06 27 11 09 42.41  29.512  05.351  0000.77  05.91  07.93  364.6  009.26  30.144  1023.794  1466.00 
2024 06 27 11 09 42.66  29.507  05.346  0000.78  06.20  07.93  364.6  009.26  30.143  1023.794  1465.98 
2024 06 27 11 09 42.91  29.503  05.336  0000.80  06.37  07.93  364.6  009.26  30.148  1023.799  1465.94 
2024 06 27 11 09 43.16  29.500  05.333  0000.81  07.22  07.93  327.2  009.26  30.147  1023.799  1465.93 
2024 06 27 11 09 43.41  29.496  05.328  0000.83  06.94  07.93  327.2  009.26  30.146  1023.799  1465.91 
2024 06 27 11 09 43.66  29.495  05.329  0000.83  07.15  07.93  327.2  009.26  30.145  1023.798  1465.91 
2024 06 27 11 09 43.91  29.494  05.327  0000.84  07.25  07.93  327.2  009.26  30.146  1023.798  1465.91 
2024 06 27 11 09 44.16  29.498  05.334  0000.83  06.87  07.92  327.2  009.26  30.144  1023.796  1465.93 
2024 06 27 11 09 44.41  29.492  05.331  0000.86  06.69  07.92  327.2  009.26  30.139  1023.793  1465.91 
2024 06 27 11 09 44.66  29.493  05.332  0000.89  06.72  07.92  327.2  009.26  30.139  1023.793  1465.92 
2024 06 27 11 09 44.91  29.489  05.322  0000.91  06.93  07.92  327.2  009.26  30.144  1023.798  1465.88 
2024 06 27 11 09 45.16  29.490  05.323  0000.95  07.29  07.92  327.2  009.26  30.145  1023.798  1465.89 
2024 06 27 11 09 45.41  29.489  05.324  0001.03  07.07  07.92  327.2  009.26  30.142  1023.797  1465.89 
2024 06 27 11 09 45.66  29.486  05.326  0001.07  07.00  07.92  327.2  009.26  30.137  1023.792  1465.89 
2024 06 27 11 09 45.91  29.487  05.322  0001.07  06.70  07.92  327.2  009.26  30.142  1023.797  1465.88 
2024 06 27 11 09 46.16  29.489  05.320  0001.04  06.45  07.92  318.9  009.26  30.146  1023.800  1465.88 
2024 06 27 11 09 46.41  29.486  05.320  0001.03  06.67  07.92  318.9  009.26  30.142  1023.797  1465.88 
2024 06 27 11 09 46.66  29.486  05.325  0001.05  06.71  07.92  318.9  009.26  30.139  1023.794  1465.89 
2024 06 27 11 09 46.91  29.491  05.324  0001.06  06.38  07.92  318.9  009.26  30.145  1023.799  1465.90 
2024 06 27 11 09 47.16  29.486  05.322  0001.05  06.28  07.92  318.9  009.26  30.141  1023.796  1465.88 
2024 06 27 11 09 47.41  29.489  05.320  0001.05  06.26  07.92  318.9  009.26  30.146  1023.800  1465.88 
2024 06 27 11 09 47.66  29.492  05.320  0001.06  06.56  07.92  318.9  009.26  30.149  1023.803  1465.89 
2024 06 27 11 09 47.91  29.488  05.324  0001.05  06.37  07.92  318.9  009.26  30.141  1023.796  1465.89 
2024 06 27 11 09 48.16  29.487  05.321  0001.06  06.57  07.91  318.9  009.26  30.143  1023.797  1465.88 
2024 06 27 11 09 48.41  29.484  05.319  0001.05  06.55  07.91  318.9  009.26  30.141  1023.796  1465.87 
2024 06 27 11 09 48.66  29.489  05.321  0001.05  06.77  07.91  318.9  009.26  30.145  1023.799  1465.88 
2024 06 27 11 09 48.91  29.489  05.322  0001.04  06.60  07.91  318.9  009.26  30.145  1023.799  1465.89 
2024 06 27 11 09 49.16  29.489  05.320  0001.03  06.51  07.92  316.2  009.26  30.146  1023.800  1465.88 
2024 06 27 11 09 49.41  29.486  05.313  0000.99  06.79  07.91  316.2  009.26  30.150  1023.804  1465.85 
2024 06 27 11 09 49.66  29.485  05.313  0000.93  07.34  07.91  316.2  009.26  30.148  1023.802  1465.85 
2024 06 27 11 09 49.91  29.478  05.312  0000.91  07.18  07.91  316.2  009.26  30.142  1023.797  1465.84 
2024 06 27 11 09 50.16  29.485  05.315  0000.92  07.08  07.91  316.2  009.26  30.146  1023.800  1465.86 
2024 06 27 11 09 50.41  29.486  05.316  0000.93  06.73  07.92  316.2  009.26  30.147  1023.801  1465.86 
2024 06 27 11 09 50.66  29.482  05.313  0000.93  07.02  07.91  316.2  009.26  30.145  1023.800  1465.85 
2024 06 27 11 09 50.91  29.481  05.311  0000.93  06.98  07.91  316.2  009.26  30.145  1023.799  1465.84 
2024 06 27 11 09 51.16  29.482  05.310  0000.95  06.77  07.91  316.2  009.26  30.147  1023.802  1465.84 
2024 06 27 11 09 51.41  29.478  05.310  0000.94  07.13  07.91  316.2  009.26  30.143  1023.799  1465.83 
2024 06 27 11 09 51.66  29.477  05.310  0000.95  06.83  07.91  316.2  009.26  30.142  1023.797  1465.83 
2024 06 27 11 09 51.91  29.476  05.310  0000.97  06.80  07.91  316.2  009.26  30.141  1023.797  1465.83 
2024 06 27 11 09 52.16  29.477  05.309  0000.97  06.66  07.92  314.8  009.26  30.143  1023.798  1465.83 
2024 06 27 11 09 52.41  29.482  05.308  0000.97  06.70  07.92  314.8  009.26  30.148  1023.803  1465.83 
2024 06 27 11 09 52.66  29.480  05.309  0000.96  06.41  07.92  314.8  009.26  30.146  1023.801  1465.83 
2024 06 27 11 09 52.91  29.482  05.309  0000.97  06.55  07.92  314.8  009.26  30.149  1023.803  1465.84 
2024 06 27 11 09 53.16  29.480  05.310  0000.97  06.38  07.92  314.8  009.26  30.145  1023.800  1465.84 
2024 06 27 11 09 53.41  29.480  05.308  0000.95  07.12  07.92  314.8  009.26  30.146  1023.801  1465.83 
2024 06 27 11 09 53.66  29.483  05.311  0000.96  07.40  07.92  314.8  009.26  30.148  1023.802  1465.84 
2024 06 27 11 09 53.91  29.482  05.311  0000.97  06.86  07.92  314.8  009.26  30.146  1023.800  1465.84 
2024 06 27 11 09 54.16  29.482  05.310  0000.96  06.74  07.91  314.8  009.26  30.147  1023.801  1465.84 
2024 06 27 11 09 54.41  29.482  05.309  0000.94  06.62  07.92  314.8  009.26  30.148  1023.803  1465.84 
2024 06 27 11 09 54.66  29.482  05.306  0000.91  06.67  07.92  314.8  009.26  30.151  1023.805  1465.82 
2024 06 27 11 09 54.91  29.479  05.308  0000.86  06.63  07.92  314.8  009.26  30.146  1023.800  1465.83 
2024 06 27 11 09 55.16  29.474  05.307  0000.83  06.58  07.92  313.8  009.26  30.142  1023.797  1465.82 
2024 06 27 11 09 55.41  29.479  05.308  0000.89  06.98  07.92  313.8  009.26  30.146  1023.800  1465.83 
2024 06 27 11 09 55.66  29.482  05.307  0000.97  06.79  07.92  313.8  009.26  30.149  1023.804  1465.83 
2024 06 27 11 09 55.91  29.478  05.307  0000.98  06.67  07.92  313.8  009.26  30.145  1023.801  1465.83 
2024 06 27 11 09 56.16  29.483  05.308  0000.96  06.81  07.92  313.8  009.26  30.151  1023.805  1465.83 
2024 06 27 11 09 56.41  29.482  05.311  0000.95  06.46  07.92  313.8  009.26  30.147  1023.802  1465.84 
2024 06 27 11 09 56.66  29.482  05.310  0000.95  08.19  07.92  313.8  009.26  30.147  1023.802  1465.84 
2024 06 27 11 09 56.91  29.483  05.310  0000.97  07.43  07.92  313.8  009.26  30.149  1023.803  1465.84 
2024 06 27 11 09 57.16  29.480  05.311  0000.98  06.79  07.92  313.8  009.26  30.144  1023.799  1465.84 
2024 06 27 11 09 57.41  29.481  05.310  0000.97  06.55  07.92  313.8  009.26  30.146  1023.801  1465.84 
2024 06 27 11 09 57.66  29.483  05.309  0000.96  06.39  07.92  313.8  009.26  30.149  1023.804  1465.84 
2024 06 27 11 09 57.91  29.482  05.309  0000.98  06.60  07.92  313.8  009.26  30.149  1023.803  1465.84 
2024 06 27 11 09 58.16  29.483  05.310  0000.97  06.79  07.92  313.6  009.26  30.148  1023.803  1465.84 
2024 06 27 11 09 58.41  29.486  05.312  0000.96  06.83  07.92  313.6  009.26  30.149  1023.803  1465.85 
2024 06 27 11 09 58.66  29.484  05.310  0000.96  06.67  07.92  313.6  009.29  30.149  1023.803  1465.84 
2024 06 27 11 09 58.91  29.483  05.310  0000.98  06.50  07.92  313.6  009.26  30.148  1023.803  1465.84 
2024 06 27 11 09 59.16  29.480  05.312  0000.96  06.74  07.92  313.6  009.26  30.143  1023.798  1465.84 
2024 06 27 11 09 59.41  29.478  05.312  0000.99  06.66  07.92  313.6  009.26  30.141  1023.797  1465.84 
2024 06 27 11 09 59.66  29.481  05.311  0000.98  06.49  07.92  313.6  009.26  30.145  1023.800  1465.84 
2024 06 27 11 09 59.91  29.485  05.311  0000.99  06.38  07.92  313.6  009.26  30.150  1023.804  1465.85 
2024 06 27 11 10 00.16  29.485  05.310  0000.97  06.09  07.92  313.6  009.26  30.150  1023.804  1465.84 
2024 06 27 11 10 00.41  29.486  05.310  0000.97  06.25  07.92  313.6  009.26  30.152  1023.806  1465.85 
2024 06 27 11 10 00.66  29.482  05.311  0000.96  06.60  07.92  313.6  009.26  30.147  1023.801  1465.84 
2024 06 27 11 10 00.91  29.482  05.310  0000.97  06.32  07.96  313.6  009.26  30.147  1023.801  1465.84 
2024 06 27 11 10 01.16  29.482  05.310  0000.97  06.28  07.92  312.7  009.26  30.146  1023.801  1465.84 
2024 06 27 11 10 01.41  29.482  05.309  0000.98  06.76  07.91  312.7  009.26  30.148  1023.803  1465.84 
2024 06 27 11 10 01.66  29.483  05.310  0000.98  06.97  07.91  312.7  009.26  30.149  1023.803  1465.84 
2024 06 27 11 10 01.91  29.486  05.310  0000.98  06.78  07.91  312.7  009.26  30.152  1023.805  1465.84 
2024 06 27 11 10 02.16  29.487  05.310  0000.97  06.14  07.91  312.7  009.26  30.153  1023.806  1465.85 
2024 06 27 11 10 02.41  29.489  05.313  0000.95  06.41  07.91  312.7  009.26  30.152  1023.806  1465.86 
2024 06 27 11 10 02.66  29.490  05.318  0000.97  06.17  07.91  312.7  009.26  30.150  1023.803  1465.87 
2024 06 27 11 10 02.91  29.488  05.318  0000.97  06.27  07.91  312.7  009.26  30.146  1023.800  1465.87 
2024 06 27 11 10 03.16  29.486  05.314  0000.99  06.80  07.91  312.7  009.26  30.149  1023.803  1465.86 
2024 06 27 11 10 03.41  29.491  05.315  0001.00  06.79  07.96  312.7  009.26  30.153  1023.806  1465.87 
2024 06 27 11 10 03.66  29.496  05.354  0000.99  06.28  07.96  312.7  009.26  30.123  1023.779  1465.99 
2024 06 27 11 10 03.91  29.509  05.360  0000.98  06.68  07.96  312.7  009.26  30.132  1023.784  1466.03 
2024 06 27 11 10 04.16  29.526  05.364  0001.00  06.29  07.92  312.3  009.26  30.149  1023.797  1466.06 
2024 06 27 11 10 04.41  29.529  05.370  0000.99  05.88  07.91  312.3  009.26  30.147  1023.795  1466.08 
2024 06 27 11 10 04.66  29.532  05.377  0000.99  05.91  07.91  312.3  009.26  30.144  1023.792  1466.11 
2024 06 27 11 10 04.91  29.536  05.374  0000.99  05.97  07.91  312.3  009.26  30.151  1023.798  1466.11 
2024 06 27 11 10 05.16  29.539  05.373  0000.99  06.02  07.91  312.3  009.26  30.154  1023.801  1466.11 
2024 06 27 11 10 05.41  29.539  05.370  0000.99  05.82  07.91  312.3  009.26  30.157  1023.804  1466.10 
2024 06 27 11 10 05.66  29.536  05.367  0000.99  05.80  07.91  312.3  009.26  30.158  1023.804  1466.08 
2024 06 27 11 10 05.91  29.532  05.364  0000.99  06.00  07.91  312.3  009.26  30.155  1023.802  1466.07 
2024 06 27 11 10 06.16  29.536  05.366  0001.00  05.66  07.91  312.3  009.26  30.158  1023.805  1466.08 
2024 06 27 11 10 06.41  29.531  05.365  0001.00  05.58  07.96  312.3  009.26  30.153  1023.801  1466.07 
2024 06 27 11 10 06.66  29.531  05.364  0000.99  05.80  07.96  312.3  009.26  30.154  1023.802  1466.07 
2024 06 27 11 10 06.91  29.533  05.365  0001.00  05.79  07.96  312.3  009.26  30.156  1023.803  1466.07 
2024 06 27 11 10 07.16  29.537  05.371  0001.00  05.88  07.92  311.9  009.26  30.154  1023.801  1466.10 
2024 06 27 11 10 07.41  29.541  05.377  0000.97  05.91  07.91  311.9  009.26  30.154  1023.800  1466.12 
2024 06 27 11 10 07.66  29.539  05.372  0000.98  06.08  07.91  311.9  009.26  30.156  1023.802  1466.10 
2024 06 27 11 10 07.91  29.543  05.377  0000.96  06.30  07.91  311.9  009.26  30.156  1023.801  1466.12 
2024 06 27 11 10 08.16  29.549  05.382  0000.98  06.33  07.91  311.9  009.26  30.158  1023.803  1466.15 
2024 06 27 11 10 08.41  29.552  05.384  0000.97  06.17  07.91  311.9  009.26  30.160  1023.804  1466.16 
2024 06 27 11 10 08.66  29.554  05.386  0000.99  06.38  07.91  311.9  009.26  30.160  1023.804  1466.17 
2024 06 27 11 10 08.91  29.550  05.389  0000.99  06.90  07.91  311.9  009.26  30.153  1023.798  1466.17 
2024 06 27 11 10 09.16  29.538  05.378  0000.99  05.84  07.91  311.9  009.26  30.149  1023.796  1466.12 
2024 06 27 11 10 09.41  29.536  05.367  0000.99  06.00  07.96  311.9  009.26  30.156  1023.803  1466.09 
2024 06 27 11 10 09.66  29.540  05.365  0000.99  06.71  07.96  311.9  009.26  30.163  1023.809  1466.08 
2024 06 27 11 10 09.91  29.546  05.379  0000.97  06.70  07.96  311.9  009.26  30.158  1023.803  1466.13 
2024 06 27 11 10 10.16  29.546  05.387  0000.99  06.81  07.92  311.6  009.26  30.150  1023.796  1466.16 
2024 06 27 11 10 10.41  29.545  05.383  0000.97  06.83  07.92  311.6  009.26  30.152  1023.798  1466.15 
2024 06 27 11 10 10.66  29.544  05.381  0000.98  06.74  07.91  311.6  009.26  30.154  1023.800  1466.14 
2024 06 27 11 10 10.91  29.543  05.380  0000.99  06.27  07.91  311.6  009.26  30.153  1023.799  1466.13 
2024 06 27 11 10 11.16  29.543  05.382  0000.98  06.18  07.92  311.6  009.26  30.151  1023.797  1466.14 
2024 06 27 11 10 11.41  29.535  05.367  0000.99  06.11  07.92  311.6  009.26  30.156  1023.803  1466.08 
2024 06 27 11 10 11.66  29.533  05.365  0000.97  06.34  07.92  311.6  009.26  30.155  1023.802  1466.08 
2024 06 27 11 10 11.91  29.526  05.365  0000.99  06.17  07.92  311.6  009.26  30.147  1023.796  1466.06 
2024 06 27 11 10 12.16  29.518  05.340  0000.98  06.12  07.91  311.6  009.26  30.161  1023.809  1465.98 
2024 06 27 11 10 12.41  29.506  05.338  0000.97  06.51  07.96  311.6  009.26  30.150  1023.801  1465.96 
2024 06 27 11 10 12.66  29.509  05.335  0000.98  07.40  07.95  311.6  009.26  30.154  1023.805  1465.95 
2024 06 27 11 10 12.91  29.514  05.342  0000.98  07.32  07.93  311.6  009.26  30.155  1023.804  1465.98 
2024 06 27 11 10 13.16  29.515  05.344  0000.96  07.01  07.93  311.1  009.26  30.154  1023.804  1465.99 
2024 06 27 11 10 13.41  29.513  05.342  0000.98  06.91  07.93  311.1  009.26  30.153  1023.803  1465.98 
2024 06 27 11 10 13.66  29.512  05.342  0001.00  07.01  07.93  311.1  009.26  30.152  1023.803  1465.98 
2024 06 27 11 10 13.91  29.510  05.342  0000.98  07.82  07.93  311.1  009.26  30.150  1023.801  1465.97 
2024 06 27 11 10 14.16  29.509  05.336  0001.00  07.05  07.93  311.1  009.26  30.154  1023.805  1465.96 
2024 06 27 11 10 14.41  29.514  05.338  0000.97  06.52  07.93  311.1  009.26  30.158  1023.807  1465.97 
2024 06 27 11 10 14.66  29.513  05.340  0000.97  06.83  07.93  311.1  009.26  30.156  1023.805  1465.97 
2024 06 27 11 10 14.91  29.507  05.335  0000.95  07.22  07.93  311.1  009.26  30.153  1023.804  1465.95 
2024 06 27 11 10 15.16  29.502  05.337  0000.98  07.07  07.93  311.1  009.26  30.146  1023.798  1465.95 
2024 06 27 11 10 15.41  29.500  05.337  0000.97  06.79  07.93  311.1  009.26  30.143  1023.795  1465.95 
2024 06 27 11 10 15.66  29.498  05.337  0000.96  06.88  07.93  311.1  009.26  30.141  1023.794  1465.94 
2024 06 27 11 10 15.91  29.493  05.323  0000.97  07.11  07.93  311.1  009.26  30.149  1023.802  1465.89 
2024 06 27 11 10 16.16  29.489  05.312  0000.97  06.50  07.92  311.5  009.26  30.153  1023.807  1465.85 
2024 06 27 11 10 16.41  29.483  05.306  0000.98  06.71  07.92  311.5  009.26  30.153  1023.807  1465.83 
2024 06 27 11 10 16.66  29.485  05.303  0000.99  07.02  07.92  311.5  009.26  30.156  1023.810  1465.82 
2024 06 27 11 10 16.91  29.484  05.302  0000.96  06.89  07.92  311.5  009.26  30.157  1023.810  1465.82 
2024 06 27 11 10 17.16  29.484  05.305  0000.98  07.15  07.92  311.5  009.26  30.154  1023.808  1465.83 
2024 06 27 11 10 17.41  29.483  05.308  0000.99  07.02  07.96  311.5  009.26  30.151  1023.805  1465.83 
2024 06 27 11 10 17.66  29.482  05.307  0000.98  06.95  07.96  311.5  009.26  30.150  1023.804  1465.83 
2024 06 27 11 10 17.91  29.482  05.306  0000.99  06.79  07.96  311.5  009.26  30.150  1023.805  1465.83 
2024 06 27 11 10 18.16  29.482  05.305  0000.98  06.68  07.96  311.5  009.26  30.151  1023.805  1465.82 
2024 06 27 11 10 18.41  29.479  05.305  0000.98  06.76  08.00  311.5  009.26  30.149  1023.804  1465.82 
2024 06 27 11 10 18.66  29.481  05.305  0000.97  06.85  07.99  311.5  009.26  30.150  1023.805  1465.82 
2024 06 27 11 10 18.91  29.479  05.306  0000.96  06.68  07.99  311.5  009.26  30.148  1023.803  1465.82 
2024 06 27 11 10 19.16  29.480  05.304  0000.98  07.21  07.96  312.1  009.26  30.151  1023.805  1465.82 
2024 06 27 11 10 19.41  29.479  05.304  0000.97  06.91  07.95  312.1  009.26  30.149  1023.804  1465.82 
2024 06 27 11 10 19.66  29.481  05.306  0000.96  06.79  07.95  312.1  009.26  30.149  1023.804  1465.83 
2024 06 27 11 10 19.91  29.480  05.301  0000.99  06.45  07.95  312.1  009.26  30.153  1023.807  1465.81 
2024 06 27 11 10 20.16  29.479  05.302  0000.95  06.53  07.95  312.1  009.26  30.151  1023.806  1465.81 
2024 06 27 11 10 20.41  29.479  05.303  0000.97  06.65  07.95  312.1  009.26  30.150  1023.805  1465.82 
2024 06 27 11 10 20.66  29.480  05.300  0000.96  06.38  07.95  312.1  009.26  30.154  1023.809  1465.81 
2024 06 27 11 10 20.91  29.477  05.298  0000.99  06.67  07.95  312.1  009.26  30.152  1023.807  1465.80 
2024 06 27 11 10 21.16  29.478  05.300  0000.99  06.59  07.95  312.1  009.26  30.153  1023.807  1465.80 
2024 06 27 11 10 21.41  29.477  05.300  0000.99  06.72  07.99  312.1  009.26  30.150  1023.805  1465.80 
2024 06 27 11 10 21.66  29.478  05.299  0000.98  06.83  07.99  312.1  009.26  30.152  1023.807  1465.80 
2024 06 27 11 10 21.91  29.477  05.295  0000.97  06.57  07.98  312.1  009.26  30.155  1023.810  1465.79 
2024 06 27 11 10 22.16  29.477  05.295  0000.97  06.50  07.95  312.2  009.26  30.154  1023.809  1465.79 
2024 06 27 11 10 22.41  29.478  05.297  0000.95  06.87  07.95  312.2  009.26  30.154  1023.808  1465.79 
2024 06 27 11 10 22.66  29.476  05.297  0000.96  06.83  07.95  312.2  009.26  30.152  1023.807  1465.79 
2024 06 27 11 10 22.91  29.478  05.299  0000.95  06.77  07.95  312.2  009.26  30.152  1023.807  1465.80 
2024 06 27 11 10 23.16  29.478  05.299  0000.97  06.77  07.95  312.2  009.26  30.153  1023.808  1465.80 
2024 06 27 11 10 23.41  29.478  05.297  0000.99  06.93  07.95  312.2  009.26  30.154  1023.808  1465.80 
2024 06 27 11 10 23.66  29.478  05.298  0000.97  06.90  07.95  312.2  009.26  30.153  1023.808  1465.80 
2024 06 27 11 10 23.91  29.475  05.293  0000.98  06.67  07.95  312.2  009.26  30.154  1023.810  1465.78 
2024 06 27 11 10 24.16  29.476  05.292  0000.97  06.78  07.95  312.2  009.26  30.157  1023.811  1465.78 
2024 06 27 11 10 24.41  29.476  05.292  0000.96  06.78  07.98  312.2  009.26  30.156  1023.811  1465.78 
2024 06 27 11 10 24.66  29.472  05.292  0000.97  06.83  07.98  312.2  009.26  30.152  1023.808  1465.77 
2024 06 27 11 10 24.91  29.467  05.288  0001.04  06.62  07.98  312.2  009.26  30.150  1023.807  1465.76 
2024 06 27 11 10 25.16  29.458  05.284  0001.10  06.81  07.95  312.1  009.26  30.143  1023.802  1465.73 
2024 06 27 11 10 25.41  29.457  05.281  0001.12  06.90  07.95  312.1  009.26  30.144  1023.804  1465.72 
2024 06 27 11 10 25.66  29.456  05.279  0001.12  06.95  07.95  312.1  009.26  30.146  1023.805  1465.71 
2024 06 27 11 10 25.91  29.452  05.276  0001.09  06.60  07.95  312.1  009.26  30.144  1023.804  1465.70 
2024 06 27 11 10 26.16  29.452  05.276  0001.09  06.56  07.95  312.1  009.26  30.144  1023.804  1465.70 
2024 06 27 11 10 26.41  29.452  05.275  0001.06  06.60  07.95  312.1  009.26  30.145  1023.805  1465.69 
2024 06 27 11 10 26.66  29.451  05.275  0001.03  06.77  07.95  312.1  009.26  30.144  1023.803  1465.69 
2024 06 27 11 10 26.91  29.450  05.274  0000.93  06.89  07.95  312.1  009.26  30.143  1023.802  1465.69 
2024 06 27 11 10 27.16  29.450  05.273  0000.86  06.91  07.97  312.1  009.26  30.144  1023.803  1465.68 
2024 06 27 11 10 27.41  29.451  05.278  0000.77  06.83  07.99  312.1  009.26  30.141  1023.800  1465.70 
2024 06 27 11 10 27.66  29.448  05.275  0000.73  07.09  07.97  312.1  009.26  30.141  1023.799  1465.68 
2024 06 27 11 10 27.91  29.450  05.278  0000.73  07.30  07.97  312.1  009.26  30.140  1023.799  1465.69 
2024 06 27 11 10 28.16  29.449  05.276  0000.72  06.95  07.97  312.4  009.26  30.140  1023.799  1465.69 
2024 06 27 11 10 28.41  29.449  05.275  0000.73  07.04  07.97  312.4  009.26  30.141  1023.800  1465.69 
2024 06 27 11 10 28.66  29.447  05.278  0000.72  06.72  07.97  312.4  009.26  30.137  1023.796  1465.69 
2024 06 27 11 10 28.91  29.449  05.276  0000.71  06.59  07.97  312.4  009.26  30.141  1023.799  1465.69 
2024 06 27 11 10 29.16  29.449  05.276  0000.76  06.55  07.97  312.4  009.26  30.141  1023.799  1465.69 
2024 06 27 11 10 29.41  29.449  05.276  0000.74  06.57  07.97  312.4  009.26  30.141  1023.799  1465.69 
2024 06 27 11 10 29.66  29.447  05.273  0000.75  06.67  07.97  312.4  009.26  30.140  1023.799  1465.68 
2024 06 27 11 10 29.91  29.447  05.273  0000.75  06.93  07.97  312.4  009.26  30.141  1023.800  1465.68 
2024 06 27 11 10 30.16  29.447  05.272  0000.75  06.74  07.97  312.4  009.26  30.143  1023.801  1465.67 
2024 06 27 11 10 30.41  29.448  05.272  0000.75  06.82  07.97  312.4  009.26  30.144  1023.802  1465.67 
2024 06 27 11 10 30.66  29.447  05.274  0000.75  06.66  07.97  312.4  009.26  30.140  1023.799  1465.68 
2024 06 27 11 10 30.91  29.446  05.274  0000.78  06.85  07.97  312.4  009.26  30.139  1023.799  1465.68 
2024 06 27 11 10 31.16  29.445  05.273  0000.77  06.95  07.97  312.7  009.26  30.139  1023.799  1465.67 
2024 06 27 11 10 31.41  29.445  05.272  0000.78  07.07  07.97  312.7  009.26  30.140  1023.799  1465.67 
2024 06 27 11 10 31.66  29.445  05.271  0000.78  07.18  07.97  312.7  009.26  30.140  1023.800  1465.67 
2024 06 27 11 10 31.91  29.446  05.271  0000.79  07.07  07.97  312.7  009.26  30.142  1023.801  1465.67 
2024 06 27 11 10 32.16  29.447  05.272  0000.80  06.84  07.97  312.7  009.26  30.142  1023.801  1465.67 
2024 06 27 11 10 32.41  29.445  05.272  0000.79  06.67  07.95  312.7  009.26  30.139  1023.799  1465.67 
2024 06 27 11 10 32.66  29.443  05.272  0000.78  06.85  07.96  312.7  009.26  30.137  1023.797  1465.67 
2024 06 27 11 10 32.91  29.443  05.272  0000.80  06.87  07.97  312.7  009.26  30.138  1023.798  1465.67 
2024 06 27 11 10 33.16  29.445  05.270  0000.80  06.90  07.97  312.7  009.26  30.141  1023.801  1465.67 
2024 06 27 11 10 33.41  29.444  05.270  0000.79  07.05  07.97  312.7  009.26  30.140  1023.800  1465.67 
2024 06 27 11 10 33.66  29.443  05.269  0000.80  06.92  07.97  312.7  009.26  30.141  1023.800  1465.66 
2024 06 27 11 10 33.91  29.443  05.269  0000.77  06.97  07.97  312.7  009.26  30.140  1023.800  1465.66 
2024 06 27 11 10 34.16  29.444  05.268  0000.78  06.86  07.97  312.8  009.26  30.142  1023.802  1465.66 
2024 06 27 11 10 34.41  29.443  05.268  0000.79  06.68  07.97  312.8  009.26  30.141  1023.801  1465.66 
2024 06 27 11 10 34.66  29.443  05.269  0000.80  06.91  07.97  312.8  009.26  30.140  1023.800  1465.66 
2024 06 27 11 10 34.91  29.443  05.270  0000.82  07.02  07.97  312.8  009.26  30.139  1023.799  1465.66 
2024 06 27 11 10 35.16  29.443  05.269  0000.82  07.00  07.97  312.8  009.26  30.141  1023.800  1465.66 
2024 06 27 11 10 35.41  29.443  05.268  0000.79  06.87  07.97  312.8  009.26  30.141  1023.801  1465.66 
2024 06 27 11 10 35.66  29.444  05.269  0000.77  07.10  07.97  312.8  009.26  30.142  1023.801  1465.66 
2024 06 27 11 10 35.91  29.442  05.270  0000.78  07.23  07.97  312.8  009.26  30.138  1023.798  1465.66 
2024 06 27 11 10 36.16  29.444  05.272  0000.80  06.81  07.97  312.8  009.26  30.139  1023.799  1465.67 
2024 06 27 11 10 36.41  29.441  05.269  0000.82  06.74  07.97  312.8  009.26  30.138  1023.798  1465.66 
2024 06 27 11 10 36.66  29.443  05.270  0000.80  07.21  07.97  312.8  009.26  30.140  1023.799  1465.66 
2024 06 27 11 10 36.91  29.444  05.268  0000.83  06.96  07.97  312.8  009.26  30.142  1023.802  1465.66 
2024 06 27 11 10 37.16  29.447  05.270  0000.80  06.93  07.96  313.1  009.26  30.144  1023.803  1465.67 
2024 06 27 11 10 37.41  29.447  05.271  0000.76  07.01  07.97  313.1  009.26  30.143  1023.801  1465.67 
2024 06 27 11 10 37.66  29.444  05.271  0000.77  07.35  07.97  313.1  009.26  30.140  1023.799  1465.67 
2024 06 27 11 10 37.91  29.444  05.271  0000.79  07.20  07.97  313.1  009.26  30.140  1023.799  1465.67 
2024 06 27 11 10 38.16  29.443  05.273  0000.80  07.08  07.97  313.1  009.26  30.137  1023.797  1465.67 
2024 06 27 11 10 38.41  29.444  05.271  0000.81  07.10  07.97  313.1  009.26  30.140  1023.800  1465.67 
2024 06 27 11 10 38.66  29.445  05.267  0000.81  07.17  07.97  313.1  009.26  30.144  1023.803  1465.66 
2024 06 27 11 10 38.91  29.445  05.266  0000.81  06.94  07.97  313.1  009.26  30.145  1023.804  1465.65 
2024 06 27 11 10 39.16  29.444  05.268  0000.77  06.85  07.97  313.1  009.26  30.143  1023.802  1465.66 
2024 06 27 11 10 39.41  29.443  05.268  0000.78  06.95  07.97  313.1  009.26  30.142  1023.801  1465.66 
2024 06 27 11 10 39.66  29.443  05.268  0000.78  06.70  07.97  313.1  009.26  30.140  1023.800  1465.66 
2024 06 27 11 10 39.91  29.444  05.268  0000.81  06.66  07.97  313.1  009.26  30.142  1023.802  1465.66 
2024 06 27 11 10 40.16  29.443  05.267  0000.80  07.00  07.97  313.2  009.26  30.141  1023.801  1465.66 
2024 06 27 11 10 40.41  29.443  05.268  0000.81  07.07  07.97  313.2  009.26  30.140  1023.800  1465.66 
2024 06 27 11 10 40.66  29.442  05.265  0000.79  06.71  07.97  313.2  009.26  30.142  1023.802  1465.65 
2024 06 27 11 10 40.91  29.439  05.261  0000.81  06.72  07.97  313.2  009.26  30.143  1023.803  1465.63 
2024 06 27 11 10 41.16  29.438  05.261  0000.81  06.76  07.97  313.2  009.26  30.142  1023.802  1465.63 
2024 06 27 11 10 41.41  29.438  05.261  0000.80  06.89  07.97  313.2  009.26  30.141  1023.802  1465.63 
2024 06 27 11 10 41.66  29.438  05.259  0000.79  06.95  07.97  313.2  009.26  30.144  1023.804  1465.62 
2024 06 27 11 10 41.91  29.438  05.259  0000.78  07.03  07.97  313.2  009.26  30.143  1023.803  1465.62 
2024 06 27 11 10 42.16  29.438  05.257  0000.79  06.98  07.97  313.2  009.26  30.145  1023.805  1465.62 
2024 06 27 11 10 42.41  29.437  05.258  0000.80  06.93  07.97  313.2  009.26  30.143  1023.803  1465.62 
2024 06 27 11 10 42.66  29.436  05.261  0000.79  06.96  07.97  313.2  009.23  30.140  1023.801  1465.63 
2024 06 27 11 10 42.91  29.435  05.258  0000.80  06.96  07.97  313.2  009.26  30.141  1023.802  1465.62 
2024 06 27 11 10 43.16  29.434  05.256  0000.80  06.74  07.97  313.1  009.26  30.141  1023.802  1465.61 
2024 06 27 11 10 43.41  29.433  05.256  0000.77  06.83  07.97  313.1  009.26  30.140  1023.801  1465.61 
2024 06 27 11 10 43.66  29.432  05.255  0000.78  06.79  07.97  313.1  009.26  30.140  1023.802  1465.60 
2024 06 27 11 10 43.91  29.430  05.254  0000.78  06.83  07.97  313.1  009.26  30.138  1023.800  1465.60 
2024 06 27 11 10 44.16  29.429  05.256  0000.79  06.79  07.97  313.1  009.26  30.136  1023.798  1465.60 
2024 06 27 11 10 44.41  29.429  05.255  0000.81  06.78  07.97  313.1  009.26  30.137  1023.799  1465.60 
2024 06 27 11 10 44.66  29.430  05.254  0000.80  07.05  07.97  313.1  009.26  30.139  1023.801  1465.60 
2024 06 27 11 10 44.91  29.429  05.255  0000.81  06.91  07.97  313.1  009.26  30.137  1023.799  1465.60 
2024 06 27 11 10 45.16  29.428  05.254  0000.80  06.81  07.97  313.1  009.26  30.137  1023.799  1465.59 
2024 06 27 11 10 45.41  29.427  05.251  0000.80  06.85  07.97  313.1  009.26  30.139  1023.801  1465.58 
2024 06 27 11 10 45.66  29.426  05.252  0000.80  07.12  07.97  313.1  009.26  30.136  1023.799  1465.59 
2024 06 27 11 10 45.91  29.427  05.252  0000.79  07.17  07.97  313.1  009.26  30.137  1023.799  1465.59 
2024 06 27 11 10 46.16  29.424  05.251  0000.81  07.47  07.97  313.4  009.26  30.135  1023.798  1465.58 
2024 06 27 11 10 46.41  29.424  05.248  0000.80  07.12  07.97  313.4  009.26  30.138  1023.800  1465.57 
2024 06 27 11 10 46.66  29.422  05.250  0000.80  07.09  07.97  313.4  009.26  30.133  1023.796  1465.58 
2024 06 27 11 10 46.91  29.424  05.251  0000.83  06.86  07.97  313.4  009.26  30.135  1023.798  1465.58 
2024 06 27 11 10 47.16  29.424  05.250  0000.80  06.88  07.97  313.4  009.26  30.136  1023.799  1465.58 
2024 06 27 11 10 47.41  29.423  05.252  0000.80  07.00  07.97  313.4  009.26  30.133  1023.796  1465.58 
2024 06 27 11 10 47.66  29.423  05.253  0000.78  06.99  07.97  313.4  009.26  30.132  1023.795  1465.59 
2024 06 27 11 10 47.91  29.422  05.253  0000.78  07.00  07.97  313.4  009.26  30.131  1023.794  1465.58 
2024 06 27 11 10 48.16  29.421  05.254  0000.79  07.16  07.97  313.4  009.26  30.129  1023.793  1465.58 
2024 06 27 11 10 48.41  29.420  05.252  0000.82  07.19  07.97  313.4  009.26  30.129  1023.793  1465.58 
2024 06 27 11 10 48.66  29.423  05.253  0000.81  06.94  07.97  313.4  009.26  30.132  1023.795  1465.58 
2024 06 27 11 10 48.91  29.423  05.254  0000.83  06.97  07.97  313.4  009.26  30.131  1023.795  1465.59 
2024 06 27 11 10 49.16  29.425  05.253  0000.81  07.05  07.97  313.5  009.26  30.134  1023.797  1465.59 
2024 06 27 11 10 49.41  29.425  05.255  0000.79  06.86  07.97  313.5  009.26  30.133  1023.795  1465.59 
2024 06 27 11 10 49.66  29.426  05.254  0000.78  06.91  07.97  313.5  009.26  30.135  1023.797  1465.59 
2024 06 27 11 10 49.91  29.424  05.255  0000.77  07.17  07.97  313.5  009.26  30.132  1023.795  1465.59 
2024 06 27 11 10 50.16  29.424  05.255  0000.81  07.11  07.97  313.5  009.26  30.131  1023.794  1465.59 
2024 06 27 11 10 50.41  29.426  05.256  0000.82  06.95  07.97  313.5  009.26  30.132  1023.795  1465.60 
2024 06 27 11 10 50.66  29.426  05.255  0000.81  07.03  07.97  313.5  009.26  30.133  1023.796  1465.59 
2024 06 27 11 10 50.91  29.427  05.254  0000.80  07.17  07.97  313.5  009.26  30.135  1023.798  1465.59 
2024 06 27 11 10 51.16  29.428  05.254  0000.80  06.83  07.97  313.5  009.26  30.137  1023.799  1465.60 
2024 06 27 11 10 51.41  29.427  05.254  0000.79  06.88  07.97  313.5  009.26  30.135  1023.797  1465.59 
2024 06 27 11 10 51.66  29.427  05.255  0000.78  07.05  07.97  313.5  009.26  30.135  1023.797  1465.59 
2024 06 27 11 10 51.91  29.425  05.255  0000.79  06.80  07.97  313.5  009.26  30.133  1023.796  1465.59 
2024 06 27 11 10 52.16  29.427  05.254  0000.82  07.33  07.97  313.5  009.26  30.135  1023.798  1465.59 
2024 06 27 11 10 52.41  29.428  05.255  0000.81  07.22  07.97  313.5  009.26  30.136  1023.798  1465.60 
2024 06 27 11 10 52.66  29.428  05.255  0000.81  07.08  07.97  313.5  009.26  30.136  1023.798  1465.60 
2024 06 27 11 10 52.91  29.425  05.254  0000.80  07.20  07.97  313.5  009.26  30.134  1023.796  1465.59 
2024 06 27 11 10 53.16  29.427  05.252  0000.80  07.48  07.97  313.5  009.26  30.137  1023.799  1465.59 
2024 06 27 11 10 53.41  29.427  05.252  0000.78  07.54  07.97  313.5  009.26  30.137  1023.799  1465.59 
2024 06 27 11 10 53.66  29.424  05.251  0000.78  07.12  07.97  313.5  009.26  30.135  1023.798  1465.58 
2024 06 27 11 10 53.91  29.427  05.254  0000.80  06.95  07.97  313.5  009.26  30.135  1023.798  1465.59 
2024 06 27 11 10 54.16  29.428  05.254  0000.82  07.19  07.97  313.5  009.26  30.137  1023.799  1465.59 
2024 06 27 11 10 54.41  29.427  05.254  0000.81  07.61  07.97  313.5  009.26  30.135  1023.797  1465.59 
2024 06 27 11 10 54.66  29.427  05.254  0000.80  07.36  07.97  313.5  009.26  30.136  1023.798  1465.59 
2024 06 27 11 10 54.91  29.429  05.256  0000.78  07.45  07.97  313.5  009.26  30.136  1023.798  1465.60 
2024 06 27 11 10 55.16  29.429  05.252  0000.80  07.20  07.97  313.7  009.26  30.139  1023.801  1465.59 
2024 06 27 11 10 55.41  29.427  05.255  0000.79  07.03  07.97  313.7  009.26  30.134  1023.797  1465.60 
2024 06 27 11 10 55.66  29.427  05.254  0000.81  06.93  07.97  313.7  009.26  30.136  1023.798  1465.59 
2024 06 27 11 10 55.91  29.429  05.256  0000.80  06.84  07.97  313.7  009.26  30.136  1023.798  1465.60 
2024 06 27 11 10 56.16  29.428  05.255  0000.80  07.14  07.97  313.7  009.26  30.136  1023.798  1465.60 
2024 06 27 11 10 56.41  29.428  05.254  0000.82  07.26  07.97  313.7  009.26  30.137  1023.799  1465.59 
2024 06 27 11 10 56.66  29.427  05.254  0000.81  06.83  07.97  313.7  009.26  30.135  1023.797  1465.59 
2024 06 27 11 10 56.91  29.427  05.253  0000.80  06.62  07.97  313.7  009.26  30.137  1023.799  1465.59 
2024 06 27 11 10 57.16  29.426  05.251  0000.77  06.56  07.97  313.7  009.26  30.137  1023.800  1465.58 
2024 06 27 11 10 57.41  29.427  05.249  0000.80  06.65  07.96  313.7  009.26  30.140  1023.802  1465.58 
2024 06 27 11 10 57.66  29.426  05.246  0000.79  07.00  07.97  313.7  009.26  30.141  1023.803  1465.57 
2024 06 27 11 10 57.91  29.426  05.248  0000.80  06.93  07.97  313.7  009.26  30.139  1023.801  1465.58 
2024 06 27 11 10 58.16  29.425  05.253  0000.81  06.88  07.97  313.7  009.26  30.134  1023.797  1465.59 
2024 06 27 11 10 58.41  29.427  05.250  0000.81  07.11  07.97  313.7  009.26  30.140  1023.802  1465.58 
2024 06 27 11 10 58.66  29.426  05.251  0000.78  06.98  07.97  313.7  009.26  30.137  1023.799  1465.58 
2024 06 27 11 10 58.91  29.426  05.250  0000.79  06.74  07.97  313.7  009.26  30.138  1023.800  1465.58 
2024 06 27 11 10 59.16  29.427  05.249  0000.81  06.88  07.97  313.7  009.26  30.140  1023.802  1465.58 
2024 06 27 11 10 59.41  29.427  05.250  0000.80  06.86  07.97  313.7  009.26  30.140  1023.801  1465.58 
2024 06 27 11 10 59.66  29.427  05.250  0000.80  06.90  07.97  313.7  009.26  30.139  1023.801  1465.58 
2024 06 27 11 10 59.91  29.424  05.250  0000.78  06.79  07.97  313.7  009.26  30.136  1023.798  1465.58 
2024 06 27 11 11 00.16  29.424  05.253  0000.80  07.00  07.97  313.7  009.26  30.134  1023.797  1465.58 
2024 06 27 11 11 00.41  29.423  05.249  0000.81  07.21  07.97  313.7  009.26  30.136  1023.799  1465.57 
2024 06 27 11 11 00.66  29.423  05.251  0000.82  07.07  07.97  313.7  009.26  30.134  1023.797  1465.58 
2024 06 27 11 11 00.91  29.422  05.249  0000.82  07.16  07.97  313.7  009.26  30.134  1023.797  1465.57 
2024 06 27 11 11 01.16  29.422  05.247  0000.81  07.28  07.97  313.8  009.26  30.136  1023.799  1465.57 
2024 06 27 11 11 01.41  29.419  05.244  0000.78  07.38  07.97  313.8  009.26  30.136  1023.799  1465.55 
2024 06 27 11 11 01.66  29.418  05.244  0000.78  07.06  07.97  313.8  009.26  30.134  1023.797  1465.55 
2024 06 27 11 11 01.91  29.419  05.246  0000.78  06.98  07.97  313.8  009.26  30.134  1023.798  1465.56 
2024 06 27 11 11 02.16  29.420  05.243  0000.81  07.40  07.97  313.8  009.26  30.138  1023.801  1465.55 
2024 06 27 11 11 02.41  29.419  05.243  0000.82  06.87  07.97  313.8  009.26  30.137  1023.800  1465.55 
2024 06 27 11 11 02.66  29.417  05.243  0000.82  07.04  07.97  313.8  009.26  30.135  1023.799  1465.55 
2024 06 27 11 11 02.91  29.419  05.242  0000.81  07.12  07.97  313.8  009.26  30.137  1023.800  1465.55 
2024 06 27 11 11 03.16  29.417  05.242  0000.80  07.12  07.97  313.8  009.26  30.135  1023.799  1465.54 
2024 06 27 11 11 03.41  29.416  05.242  0000.81  07.18  07.97  313.8  009.26  30.134  1023.798  1465.54 
2024 06 27 11 11 03.66  29.417  05.242  0000.80  07.18  07.97  313.8  009.26  30.135  1023.799  1465.54 
2024 06 27 11 11 03.91  29.417  05.243  0000.79  07.38  07.97  313.8  009.26  30.135  1023.798  1465.54 
2024 06 27 11 11 04.16  29.416  05.241  0000.80  07.29  07.97  313.9  009.26  30.135  1023.799  1465.54 
2024 06 27 11 11 04.41  29.417  05.242  0000.81  06.98  07.97  313.9  009.26  30.135  1023.799  1465.54 
2024 06 27 11 11 04.66  29.416  05.243  0000.81  06.97  07.97  313.9  009.26  30.133  1023.797  1465.55 
2024 06 27 11 11 04.91  29.418  05.240  0000.80  06.76  07.97  313.9  009.26  30.138  1023.801  1465.54 
2024 06 27 11 11 05.16  29.418  05.244  0000.79  06.96  07.97  313.9  009.26  30.135  1023.798  1465.55 
2024 06 27 11 11 05.41  29.417  05.242  0000.79  06.99  07.97  313.9  009.26  30.135  1023.799  1465.54 
2024 06 27 11 11 05.66  29.415  05.245  0000.80  06.92  07.97  313.9  009.26  30.131  1023.795  1465.55 
2024 06 27 11 11 05.91  29.416  05.245  0000.82  06.99  07.97  313.9  009.26  30.131  1023.795  1465.55 
2024 06 27 11 11 06.16  29.417  05.246  0000.83  06.95  07.97  313.9  009.26  30.132  1023.796  1465.55 
2024 06 27 11 11 06.41  29.417  05.243  0000.82  07.02  07.96  313.9  009.26  30.134  1023.798  1465.55 
2024 06 27 11 11 06.66  29.415  05.243  0000.82  07.24  07.97  313.9  009.26  30.132  1023.797  1465.55 
2024 06 27 11 11 06.91  29.415  05.244  0000.80  07.16  07.97  313.9  009.26  30.132  1023.796  1465.55 
2024 06 27 11 11 07.16  29.417  05.244  0000.79  07.09  07.97  314.0  009.26  30.134  1023.798  1465.55 
2024 06 27 11 11 07.41  29.415  05.244  0000.79  06.82  07.97  314.0  009.29  30.131  1023.795  1465.55 
2024 06 27 11 11 07.66  29.415  05.246  0000.80  07.45  07.97  314.0  009.26  30.130  1023.794  1465.55 
2024 06 27 11 11 07.91  29.415  05.247  0000.80  07.40  07.97  314.0  009.26  30.129  1023.794  1465.56 
2024 06 27 11 11 08.16  29.416  05.245  0000.82  07.11  07.97  314.0  009.26  30.131  1023.795  1465.55 
2024 06 27 11 11 08.41  29.416  05.246  0000.82  06.84  07.97  314.0  009.26  30.131  1023.795  1465.55 
2024 06 27 11 11 08.66  29.417  05.247  0000.81  06.86  07.97  314.0  009.26  30.131  1023.795  1465.56 
2024 06 27 11 11 08.91  29.418  05.247  0000.81  06.67  07.97  314.0  009.26  30.132  1023.796  1465.56 
2024 06 27 11 11 09.16  29.417  05.246  0000.79  06.53  07.96  314.0  009.26  30.132  1023.796  1465.55 
2024 06 27 11 11 09.41  29.418  05.245  0000.79  06.82  07.96  314.0  009.26  30.134  1023.797  1465.55 
2024 06 27 11 11 09.66  29.416  05.245  0000.83  07.22  07.96  314.0  009.26  30.131  1023.796  1465.55 
2024 06 27 11 11 09.91  29.417  05.245  0000.86  07.37  07.96  314.0  009.26  30.132  1023.797  1465.55 
2024 06 27 11 11 10.16  29.417  05.243  0000.93  07.47  07.97  313.9  009.26  30.134  1023.799  1465.55 
2024 06 27 11 11 10.41  29.415  05.250  0001.01  07.43  07.97  313.9  009.26  30.127  1023.792  1465.57 
2024 06 27 11 11 10.66  29.419  05.253  0001.09  06.98  07.97  313.9  009.26  30.128  1023.794  1465.58 
2024 06 27 11 11 10.91  29.419  05.250  0001.19  06.75  07.97  313.9  009.26  30.131  1023.797  1465.58 
2024 06 27 11 11 11.16  29.421  05.252  0001.29  06.70  07.97  313.9  009.26  30.130  1023.796  1465.59 
2024 06 27 11 11 11.41  29.420  05.252  0001.42  06.68  07.96  313.9  009.26  30.130  1023.797  1465.59 
2024 06 27 11 11 11.66  29.425  05.256  0001.61  06.84  07.96  313.9  009.26  30.131  1023.798  1465.61 
2024 06 27 11 11 11.91  29.429  05.258  0001.86  06.93  07.97  313.9  009.26  30.134  1023.801  1465.62 
2024 06 27 11 11 12.16  29.426  05.253  0002.15  06.74  07.96  313.9  009.26  30.135  1023.804  1465.61 
2024 06 27 11 11 12.41  29.423  05.254  0002.45  06.88  07.96  313.9  009.26  30.131  1023.802  1465.61 
2024 06 27 11 11 12.66  29.425  05.254  0002.72  06.63  07.95  313.9  009.26  30.133  1023.805  1465.62 
2024 06 27 11 11 12.91  29.424  05.251  0003.05  06.35  07.95  313.9  009.26  30.134  1023.807  1465.62 
2024 06 27 11 11 13.16  29.427  05.255  0003.37  06.52  07.88  314.0  009.26  30.133  1023.808  1465.63 
2024 06 27 11 11 13.41  29.427  05.255  0003.75  06.38  07.90  314.0  009.26  30.134  1023.810  1465.64 
2024 06 27 11 11 13.66  29.458  05.294  0004.12  06.42  07.89  314.0  009.26  30.134  1023.808  1465.81 
2024 06 27 11 11 13.91  29.505  05.335  0004.48  06.19  07.97  314.0  009.26  30.149  1023.817  1466.00 
2024 06 27 11 11 14.16  29.538  05.370  0004.87  06.08  07.91  314.0  009.26  30.155  1023.820  1466.16 
2024 06 27 11 11 14.41  29.599  05.444  0005.24  06.04  07.90  314.0  009.26  30.156  1023.815  1466.47 
2024 06 27 11 11 14.66  29.673  05.511  0005.60  06.05  07.73  314.0  009.26  30.179  1023.826  1466.77 
2024 06 27 11 11 14.91  29.681  05.514  0006.00  05.88  07.78  314.0  009.26  30.186  1023.834  1466.80 
2024 06 27 11 11 15.16  29.696  05.526  0006.38  05.60  07.78  314.0  009.26  30.191  1023.838  1466.86 
2024 06 27 11 11 15.41  29.750  05.597  0006.78  05.45  07.84  314.0  009.26  30.188  1023.830  1467.15 
2024 06 27 11 11 15.66  29.847  05.681  0007.18  05.44  07.85  314.0  009.26  30.221  1023.848  1467.54 
2024 06 27 11 11 15.91  29.890  05.721  0007.56  05.29  07.85  314.0  009.26  30.233  1023.855  1467.73 
2024 06 27 11 11 16.16  29.937  05.769  0007.98  05.05  07.70  312.5  009.26  30.242  1023.858  1467.94 
2024 06 27 11 11 16.41  29.981  05.808  0008.36  04.92  07.69  312.5  009.26  30.256  1023.867  1468.12 
2024 06 27 11 11 16.66  30.006  05.828  0008.79  04.86  07.72  312.5  009.26  30.266  1023.875  1468.22 
2024 06 27 11 11 16.91  30.013  05.835  0009.20  04.77  07.74  312.5  009.26  30.267  1023.877  1468.26 
2024 06 27 11 11 17.16  30.021  05.845  0009.58  04.79  07.72  312.5  009.26  30.267  1023.878  1468.30 
2024 06 27 11 11 17.41  30.078  05.903  0009.98  04.50  07.68  312.5  009.26  30.278  1023.881  1468.56 
2024 06 27 11 11 17.66  30.132  05.967  0010.36  04.43  07.71  312.5  009.26  30.281  1023.878  1468.82 
2024 06 27 11 11 17.91  30.203  06.031  0010.73  04.35  07.74  312.5  009.26  30.302  1023.889  1469.11 
2024 06 27 11 11 18.16  30.213  06.034  0011.14  04.17  07.76  312.5  009.26  30.310  1023.897  1469.14 
2024 06 27 11 11 18.41  30.228  06.055  0011.52  04.00  07.86  312.5  009.26  30.308  1023.894  1469.23 
2024 06 27 11 11 18.66  30.380  06.253  0011.93  03.99  07.85  312.5  009.26  30.300  1023.866  1470.02 
2024 06 27 11 11 18.91  30.758  06.586  0012.38  05.26  07.85  312.5  009.26  30.417  1023.920  1471.50 
2024 06 27 11 11 19.16  30.786  06.596  0012.76  03.91  07.76  304.8  009.26  30.439  1023.938  1471.57 
2024 06 27 11 11 19.41  30.774  06.567  0013.16  02.78  07.78  304.8  009.26  30.452  1023.954  1471.48 
2024 06 27 11 11 19.66  30.761  06.551  0013.57  02.45  07.79  304.8  009.26  30.452  1023.957  1471.42 
2024 06 27 11 11 19.91  30.739  06.524  0013.99  02.20  07.81  304.8  009.26  30.451  1023.962  1471.32 
2024 06 27 11 11 20.16  30.709  06.488  0014.40  02.09  07.83  304.8  009.26  30.450  1023.968  1471.18 
2024 06 27 11 11 20.41  30.667  06.441  0014.81  02.03  07.83  304.8  009.26  30.446  1023.972  1471.00 
2024 06 27 11 11 20.66  30.662  06.438  0015.20  01.94  07.83  304.8  009.26  30.442  1023.971  1470.99 
2024 06 27 11 11 20.91  30.666  06.441  0015.58  01.91  07.85  304.8  009.26  30.444  1023.974  1471.01 
2024 06 27 11 11 21.16  30.667  06.442  0016.00  01.95  07.85  304.8  009.26  30.445  1023.976  1471.02 
2024 06 27 11 11 21.41  30.669  06.446  0016.42  02.04  07.97  304.8  009.26  30.443  1023.976  1471.04 
2024 06 27 11 11 21.66  30.675  06.454  0016.83  01.97  07.95  304.8  009.26  30.443  1023.977  1471.08 
2024 06 27 11 11 21.91  30.683  06.460  0017.23  01.93  07.94  304.8  009.26  30.445  1023.980  1471.11 
2024 06 27 11 11 22.16  30.684  06.454  0017.64  01.92  07.81  295.6  009.26  30.451  1023.988  1471.10 
2024 06 27 11 11 22.41  30.686  06.458  0018.04  01.96  07.84  295.6  009.26  30.450  1023.988  1471.12 
2024 06 27 11 11 22.66  30.697  06.467  0018.45  01.85  07.85  295.6  009.26  30.454  1023.992  1471.17 
2024 06 27 11 11 22.91  30.728  06.496  0018.84  01.80  07.86  295.6  009.26  30.462  1023.997  1471.30 
2024 06 27 11 11 23.16  30.742  06.510  0019.26  01.76  07.87  295.6  009.26  30.465  1023.999  1471.37 
2024 06 27 11 11 23.41  30.757  06.519  0019.66  01.79  07.87  295.6  009.26  30.473  1024.006  1471.42 
2024 06 27 11 11 23.66  30.765  06.527  0020.04  01.74  07.87  295.6  009.26  30.474  1024.008  1471.46 
2024 06 27 11 11 23.91  30.766  06.528  0020.46  01.71  07.88  295.6  009.26  30.474  1024.010  1471.47 
2024 06 27 11 11 24.16  30.775  06.533  0020.87  01.70  07.88  295.6  009.26  30.479  1024.015  1471.50 
2024 06 27 11 11 24.41  30.784  06.543  0021.27  01.73  07.98  295.6  009.26  30.480  1024.016  1471.55 
2024 06 27 11 11 24.66  30.796  06.551  0021.68  01.69  07.97  295.6  009.26  30.486  1024.022  1471.59 
2024 06 27 11 11 24.91  30.807  06.565  0022.05  01.63  07.95  295.6  009.26  30.485  1024.021  1471.66 
2024 06 27 11 11 25.16  30.833  06.586  0022.46  01.68  07.85  294.7  009.26  30.495  1024.028  1471.76 
2024 06 27 11 11 25.41  30.878  06.624  0022.87  01.60  07.86  294.7  009.26  30.510  1024.037  1471.94 
2024 06 27 11 11 25.66  30.904  06.646  0023.26  01.61  07.87  294.7  009.26  30.519  1024.043  1472.04 
2024 06 27 11 11 25.91  30.934  06.674  0023.66  01.60  07.88  294.7  009.26  30.527  1024.048  1472.16 
2024 06 27 11 11 26.16  30.978  06.713  0024.05  01.55  07.89  294.7  009.26  30.539  1024.054  1472.34 
2024 06 27 11 11 26.41  31.021  06.751  0024.42  01.49  07.89  294.7  009.26  30.552  1024.062  1472.51 
2024 06 27 11 11 26.66  31.064  06.788  0024.83  01.46  07.89  294.7  009.26  30.566  1024.070  1472.68 
2024 06 27 11 11 26.91  31.091  06.810  0025.15  01.41  07.90  294.7  009.26  30.576  1024.076  1472.79 
2024 06 27 11 11 27.16  31.120  06.835  0025.56  01.40  07.90  294.7  009.26  30.585  1024.082  1472.90 
2024 06 27 11 11 27.41  31.129  06.839  0025.92  01.32  07.99  294.7  009.26  30.591  1024.088  1472.93 
2024 06 27 11 11 27.66  31.166  06.873  0026.26  01.33  07.97  294.7  009.26  30.600  1024.092  1473.08 
2024 06 27 11 11 27.91  31.210  06.911  0026.60  01.31  07.98  294.7  009.26  30.613  1024.099  1473.25 
2024 06 27 11 11 28.16  31.256  06.955  0026.90  01.17  07.88  293.0  009.26  30.625  1024.105  1473.45 
2024 06 27 11 11 28.41  31.291  06.980  0027.15  01.21  07.87  293.0  009.26  30.640  1024.114  1473.57 
2024 06 27 11 11 28.66  31.294  06.982  0027.37  01.21  07.88  293.0  009.26  30.642  1024.116  1473.58 
2024 06 27 11 11 28.91  31.303  06.992  0027.63  01.23  07.87  293.0  009.26  30.643  1024.117  1473.62 
2024 06 27 11 11 29.16  31.307  06.994  0027.96  01.29  07.90  293.0  009.26  30.645  1024.120  1473.64 
2024 06 27 11 11 29.41  31.334  07.027  0028.33  01.21  07.90  293.0  009.26  30.645  1024.117  1473.78 
2024 06 27 11 11 29.66  31.373  07.060  0028.67  01.24  07.91  293.0  009.26  30.658  1024.125  1473.93 
2024 06 27 11 11 29.91  31.384  07.066  0029.10  01.15  07.91  293.0  009.26  30.664  1024.130  1473.96 
2024 06 27 11 11 30.16  31.390  07.072  0029.44  01.12  07.92  293.0  009.26  30.665  1024.132  1473.99 
2024 06 27 11 11 30.41  31.400  07.081  0029.86  01.07  08.02  293.0  009.26  30.667  1024.134  1474.04 
2024 06 27 11 11 30.66  31.423  07.103  0030.26  01.13  08.00  293.0  009.26  30.672  1024.137  1474.14 
2024 06 27 11 11 30.91  31.431  07.109  0030.63  01.11  07.99  293.0  009.26  30.675  1024.141  1474.17 
2024 06 27 11 11 31.16  31.449  07.125  0031.03  01.09  07.89  288.1  009.26  30.680  1024.145  1474.25 
2024 06 27 11 11 31.41  31.459  07.133  0031.46  01.11  07.91  288.1  009.26  30.684  1024.149  1474.29 
2024 06 27 11 11 31.66  31.479  07.158  0031.84  01.10  07.98  288.1  009.26  30.683  1024.147  1474.39 
2024 06 27 11 11 31.91  31.483  07.154  0032.27  01.07  07.98  288.1  009.26  30.690  1024.154  1474.39 
2024 06 27 11 11 32.16  31.483  07.155  0032.65  00.97  07.93  288.1  009.26  30.690  1024.156  1474.40 
2024 06 27 11 11 32.41  31.486  07.157  0033.07  00.96  07.96  288.1  009.26  30.691  1024.158  1474.42 
2024 06 27 11 11 32.66  31.491  07.164  0033.48  00.97  07.94  288.1  009.26  30.690  1024.159  1474.45 
2024 06 27 11 11 32.91  31.504  07.176  0033.85  00.98  07.96  288.1  009.26  30.693  1024.161  1474.51 
2024 06 27 11 11 33.16  31.527  07.199  0034.27  01.02  07.92  288.1  009.26  30.698  1024.164  1474.61 
2024 06 27 11 11 33.41  31.534  07.202  0034.65  01.02  08.03  288.1  009.26  30.702  1024.169  1474.63 
2024 06 27 11 11 33.66  31.545  07.210  0035.06  00.94  08.06  288.1  009.26  30.706  1024.173  1474.68 
2024 06 27 11 11 33.91  31.553  07.219  0035.44  00.96  08.00  288.1  009.26  30.707  1024.174  1474.72 
2024 06 27 11 11 34.16  31.555  07.220  0035.78  00.98  07.83  284.7  009.26  30.708  1024.176  1474.73 
2024 06 27 11 11 34.41  31.558  07.223  0036.18  00.92  07.91  284.7  009.26  30.709  1024.178  1474.75 
2024 06 27 11 11 34.66  31.585  07.247  0036.58  01.02  07.90  284.7  009.26  30.716  1024.183  1474.86 
2024 06 27 11 11 34.91  31.600  07.261  0036.93  00.98  07.91  284.7  009.26  30.720  1024.186  1474.92 
2024 06 27 11 11 35.16  31.602  07.261  0037.34  00.97  07.95  284.7  009.26  30.722  1024.188  1474.93 
2024 06 27 11 11 35.41  31.612  07.271  0037.69  00.94  07.88  284.7  009.26  30.724  1024.191  1474.98 
2024 06 27 11 11 35.66  31.671  07.330  0038.08  00.90  07.92  284.7  009.26  30.734  1024.193  1475.23 
2024 06 27 11 11 35.91  31.721  07.374  0038.48  00.87  07.92  284.7  009.26  30.749  1024.200  1475.42 
2024 06 27 11 11 36.16  31.775  07.424  0038.86  00.85  07.88  284.7  009.26  30.762  1024.205  1475.64 
2024 06 27 11 11 36.41  31.822  07.471  0039.26  00.75  08.04  284.7  009.26  30.771  1024.208  1475.84 
2024 06 27 11 11 36.66  31.878  07.518  0039.64  00.75  07.99  284.7  009.26  30.789  1024.217  1476.05 
2024 06 27 11 11 36.91  31.892  07.526  0040.03  00.67  07.99  284.7  009.26  30.796  1024.223  1476.09 
2024 06 27 11 11 37.16  31.909  07.543  0040.45  00.68  07.87  282.0  009.26  30.799  1024.226  1476.17 
2024 06 27 11 11 37.41  31.939  07.569  0040.81  00.68  07.92  282.0  009.26  30.808  1024.230  1476.29 
2024 06 27 11 11 37.66  31.947  07.574  0041.24  00.68  07.84  282.0  009.26  30.812  1024.236  1476.32 
2024 06 27 11 11 37.91  31.939  07.564  0041.59  00.63  07.91  282.0  009.26  30.812  1024.238  1476.29 
2024 06 27 11 11 38.16  31.939  07.561  0042.00  00.62  07.91  282.0  009.26  30.814  1024.242  1476.28 
2024 06 27 11 11 38.41  31.935  07.560  0042.39  00.66  07.90  282.0  009.26  30.811  1024.242  1476.28 
2024 06 27 11 11 38.66  31.938  07.560  0042.76  00.61  07.90  282.0  009.26  30.814  1024.245  1476.29 
2024 06 27 11 11 38.91  31.936  07.560  0043.16  00.57  07.93  282.0  009.26  30.812  1024.246  1476.30 
2024 06 27 11 11 39.16  31.941  07.561  0043.51  00.62  07.94  282.0  009.26  30.816  1024.251  1476.31 
2024 06 27 11 11 39.41  31.944  07.562  0043.92  00.62  08.01  282.0  009.26  30.819  1024.254  1476.32 
2024 06 27 11 11 39.66  31.952  07.565  0044.32  00.59  08.02  282.0  009.26  30.824  1024.260  1476.35 
2024 06 27 11 11 39.91  31.955  07.569  0044.68  00.58  08.01  282.0  009.26  30.824  1024.261  1476.37 
2024 06 27 11 11 40.16  31.958  07.568  0045.07  00.57  07.90  274.8  009.26  30.827  1024.265  1476.38 
2024 06 27 11 11 40.41  31.954  07.563  0045.51  00.60  07.92  274.8  009.26  30.827  1024.268  1476.36 
2024 06 27 11 11 40.66  31.947  07.548  0045.87  00.57  07.82  274.8  009.26  30.832  1024.276  1476.32 
2024 06 27 11 11 40.91  31.947  07.548  0046.29  00.55  07.91  274.8  009.26  30.833  1024.278  1476.32 
2024 06 27 11 11 41.16  31.946  07.546  0046.65  00.55  07.87  274.8  009.26  30.833  1024.280  1476.33 
2024 06 27 11 11 41.41  31.943  07.545  0047.07  00.52  07.89  274.8  009.26  30.831  1024.281  1476.32 
2024 06 27 11 11 41.66  31.943  07.540  0047.46  00.57  07.92  274.8  009.26  30.835  1024.286  1476.32 
2024 06 27 11 11 41.91  31.941  07.538  0047.84  00.62  07.94  274.8  009.26  30.835  1024.288  1476.31 
2024 06 27 11 11 42.16  31.941  07.539  0048.24  00.62  07.88  274.8  009.26  30.834  1024.289  1476.32 
2024 06 27 11 11 42.41  31.940  07.538  0048.62  00.61  07.99  274.8  009.26  30.833  1024.291  1476.33 
2024 06 27 11 11 42.66  31.940  07.536  0049.04  00.56  08.00  274.8  009.26  30.835  1024.295  1476.33 
2024 06 27 11 11 42.91  31.936  07.530  0049.43  00.59  07.99  274.8  009.26  30.835  1024.297  1476.31 
2024 06 27 11 11 43.16  31.931  07.523  0049.73  00.58  07.91  271.7  009.26  30.836  1024.300  1476.29 
2024 06 27 11 11 43.41  31.930  07.520  0049.89  00.59  07.91  271.7  009.26  30.837  1024.302  1476.28 
2024 06 27 11 11 43.66  31.929  07.521  0049.94  00.59  07.93  271.7  009.26  30.836  1024.301  1476.28 
2024 06 27 11 11 43.91  31.930  07.520  0049.86  00.61  07.93  271.7  009.26  30.837  1024.302  1476.28 
2024 06 27 11 11 44.16  31.931  07.521  0049.86  00.62  07.95  271.7  009.26  30.837  1024.302  1476.29 
2024 06 27 11 11 44.41  31.931  07.522  0049.86  00.61  07.96  271.7  009.26  30.837  1024.302  1476.29 
2024 06 27 11 11 44.66  31.931  07.520  0049.87  00.63  07.94  271.7  009.26  30.839  1024.304  1476.28 
2024 06 27 11 11 44.91  31.931  07.519  0049.89  00.60  07.93  271.7  009.26  30.839  1024.304  1476.28 
2024 06 27 11 11 45.16  31.929  07.520  0049.89  00.49  07.91  271.7  009.26  30.837  1024.302  1476.28 
2024 06 27 11 11 45.41  31.931  07.520  0049.89  00.52  07.98  271.7  009.23  30.838  1024.303  1476.28 
2024 06 27 11 11 45.66  31.930  07.520  0049.88  00.53  07.96  271.7  009.26  30.838  1024.303  1476.28 
2024 06 27 11 11 45.91  31.929  07.519  0049.91  00.56  07.97  271.7  009.26  30.838  1024.303  1476.28 
2024 06 27 11 11 46.16  31.926  07.520  0049.90  00.59  07.93  270.2  009.26  30.834  1024.300  1476.28 
2024 06 27 11 11 46.41  31.928  07.519  0049.92  00.62  07.92  270.2  009.26  30.836  1024.302  1476.28 
2024 06 27 11 11 46.66  31.930  07.519  0049.93  00.60  07.92  270.2  009.26  30.839  1024.304  1476.28 
2024 06 27 11 11 46.91  31.928  07.519  0049.93  00.58  07.92  270.2  009.26  30.837  1024.302  1476.28 
2024 06 27 11 11 47.16  31.930  07.520  0049.96  00.58  07.92  270.2  009.26  30.838  1024.303  1476.28 
2024 06 27 11 11 47.41  31.927  07.520  0050.01  00.57  07.92  270.2  009.26  30.835  1024.301  1476.28 
2024 06 27 11 11 47.66  31.927  07.519  0050.09  00.60  07.92  270.2  009.26  30.836  1024.302  1476.28 
2024 06 27 11 11 47.91  31.928  07.519  0050.07  00.61  07.91  270.2  009.26  30.836  1024.302  1476.28 
2024 06 27 11 11 48.16  31.927  07.518  0050.06  00.59  07.92  270.2  009.26  30.836  1024.302  1476.28 
2024 06 27 11 11 48.41  31.927  07.517  0050.05  00.58  07.98  270.2  009.26  30.837  1024.303  1476.27 
2024 06 27 11 11 48.66  31.927  07.516  0050.06  00.61  07.98  270.2  009.26  30.837  1024.304  1476.27 
2024 06 27 11 11 48.91  31.925  07.517  0050.05  00.59  07.97  270.2  009.26  30.835  1024.302  1476.27 
2024 06 27 11 11 49.16  31.927  07.518  0050.05  00.55  07.93  269.4  009.26  30.837  1024.303  1476.28 
2024 06 27 11 11 49.41  31.927  07.518  0050.04  00.57  07.93  269.4  009.26  30.836  1024.302  1476.27 
2024 06 27 11 11 49.66  31.927  07.517  0050.03  00.59  07.93  269.4  009.26  30.837  1024.303  1476.27 
2024 06 27 11 11 49.91  31.926  07.516  0050.05  00.66  07.93  269.4  009.26  30.837  1024.304  1476.27 
2024 06 27 11 11 50.16  31.925  07.517  0050.03  03.83  07.93  269.4  009.26  30.835  1024.302  1476.27 
2024 06 27 11 11 50.41  31.925  07.518  0050.04  04.95  07.93  269.4  009.26  30.834  1024.301  1476.27 
2024 06 27 11 11 50.66  31.923  07.517  0050.05  03.68  07.93  269.4  009.26  30.834  1024.301  1476.27 
2024 06 27 11 11 50.91  31.925  07.519  0050.04  02.33  07.93  269.4  009.26  30.833  1024.300  1476.28 
2024 06 27 11 11 51.16  31.914  07.518  0050.05  01.61  07.93  269.4  009.23  30.822  1024.291  1476.26 
2024 06 27 11 11 51.41  31.920  07.517  0050.05  01.09  07.97  269.4  009.26  30.830  1024.298  1476.26 
2024 06 27 11 11 51.66  31.926  07.519  0050.05  00.89  07.99  269.4  009.26  30.834  1024.300  1476.28 
2024 06 27 11 11 51.91  31.925  07.519  0050.05  00.73  07.99  269.4  009.26  30.834  1024.301  1476.27 
2024 06 27 11 11 52.16  31.919  07.520  0050.04  00.72  07.95  269.3  009.26  30.825  1024.293  1476.27 
2024 06 27 11 11 52.41  31.914  07.521  0050.05  00.74  07.95  269.3  009.26  30.820  1024.289  1476.27 
2024 06 27 11 11 52.66  31.923  07.521  0050.06  00.88  07.94  269.3  009.26  30.830  1024.297  1476.28 
2024 06 27 11 11 52.91  31.924  07.522  0050.05  01.17  07.94  269.3  009.26  30.830  1024.297  1476.28 
2024 06 27 11 11 53.16  31.925  07.523  0050.04  01.71  07.94  269.3  009.26  30.830  1024.297  1476.29 
2024 06 27 11 11 53.41  31.924  07.523  0050.05  01.19  07.88  269.3  009.26  30.829  1024.296  1476.29 
2024 06 27 11 11 53.66  31.925  07.519  0050.00  00.81  07.92  269.3  009.26  30.833  1024.300  1476.28 
2024 06 27 11 11 53.91  31.928  07.518  0049.98  00.72  07.92  269.3  009.26  30.838  1024.303  1476.28 
2024 06 27 11 11 54.16  31.928  07.519  0049.87  00.67  07.92  269.3  009.26  30.837  1024.302  1476.28 
2024 06 27 11 11 54.41  31.927  07.519  0049.74  00.72  07.97  269.3  009.26  30.836  1024.300  1476.28 
2024 06 27 11 11 54.66  31.927  07.519  0049.62  00.70  07.96  269.3  009.26  30.835  1024.300  1476.27 
2024 06 27 11 11 54.91  31.928  07.517  0049.48  00.62  07.96  269.3  009.26  30.839  1024.302  1476.27 
2024 06 27 11 11 55.16  31.927  07.517  0049.36  00.62  07.92  269.0  009.26  30.837  1024.300  1476.26 
2024 06 27 11 11 55.41  31.927  07.518  0049.31  00.62  07.91  269.0  009.26  30.837  1024.300  1476.27 
2024 06 27 11 11 55.66  31.929  07.518  0049.36  00.60  07.91  269.0  009.26  30.839  1024.301  1476.27 
2024 06 27 11 11 55.91  31.928  07.518  0049.27  00.61  07.91  269.0  009.26  30.838  1024.300  1476.27 
2024 06 27 11 11 56.16  31.931  07.523  0049.08  00.58  07.91  269.0  009.26  30.836  1024.297  1476.28 
2024 06 27 11 11 56.41  31.930  07.523  0048.79  00.59  07.92  269.0  009.26  30.835  1024.295  1476.27 
2024 06 27 11 11 56.66  31.932  07.525  0048.61  00.53  07.92  269.0  009.26  30.836  1024.295  1476.28 
2024 06 27 11 11 56.91  31.933  07.530  0048.40  00.59  07.92  269.0  009.26  30.833  1024.290  1476.29 
2024 06 27 11 11 57.16  31.935  07.530  0048.22  00.64  07.92  269.0  009.26  30.835  1024.291  1476.29 
2024 06 27 11 11 57.41  31.932  07.530  0048.03  00.69  07.98  269.0  009.26  30.832  1024.288  1476.28 
2024 06 27 11 11 57.66  31.935  07.531  0047.83  00.58  07.96  269.0  009.26  30.835  1024.290  1476.29 
2024 06 27 11 11 57.91  31.934  07.531  0047.64  00.59  07.98  269.0  009.26  30.833  1024.287  1476.28 
2024 06 27 11 11 58.16  31.935  07.532  0047.47  00.64  07.88  269.1  009.26  30.835  1024.287  1476.28 
2024 06 27 11 11 58.41  31.935  07.531  0047.28  00.63  07.87  269.1  009.26  30.834  1024.286  1476.28 
2024 06 27 11 11 58.66  31.935  07.531  0047.10  00.57  07.88  269.1  009.26  30.834  1024.285  1476.28 
2024 06 27 11 11 58.91  31.936  07.532  0046.81  01.20  07.88  269.1  009.26  30.835  1024.285  1476.28 
2024 06 27 11 11 59.16  31.935  07.533  0046.55  00.92  07.84  269.1  009.26  30.833  1024.282  1476.27 
2024 06 27 11 11 59.41  31.935  07.533  0046.29  00.69  07.88  269.1  009.26  30.834  1024.281  1476.27 
2024 06 27 11 11 59.66  31.936  07.537  0046.03  00.62  07.83  269.1  009.26  30.832  1024.278  1476.28 
2024 06 27 11 11 59.91  31.940  07.542  0045.84  00.63  07.89  269.1  009.26  30.831  1024.276  1476.29 
2024 06 27 11 12 00.16  31.939  07.542  0045.67  00.64  07.88  269.1  009.26  30.829  1024.274  1476.29 
2024 06 27 11 12 00.41  31.939  07.544  0045.48  00.61  07.97  269.1  009.26  30.828  1024.272  1476.29 
2024 06 27 11 12 00.66  31.941  07.545  0045.29  00.69  07.98  269.1  009.26  30.830  1024.271  1476.29 
2024 06 27 11 12 00.91  31.940  07.545  0045.10  00.69  07.90  269.1  009.26  30.829  1024.270  1476.29 
2024 06 27 11 12 01.16  31.938  07.544  0044.90  00.62  07.88  269.2  009.26  30.827  1024.268  1476.28 
2024 06 27 11 12 01.41  31.942  07.545  0044.65  00.65  07.91  269.2  009.26  30.831  1024.269  1476.28 
2024 06 27 11 12 01.66  31.941  07.545  0044.41  00.60  07.84  269.2  009.26  30.830  1024.268  1476.28 
2024 06 27 11 12 01.91  31.943  07.548  0044.17  00.57  07.83  269.2  009.26  30.829  1024.266  1476.29 
2024 06 27 11 12 02.16  31.950  07.555  0043.90  00.61  07.83  269.2  009.26  30.830  1024.264  1476.31 
2024 06 27 11 12 02.41  31.949  07.558  0043.69  00.55  07.89  269.2  009.26  30.827  1024.260  1476.32 
2024 06 27 11 12 02.66  31.948  07.559  0043.50  00.55  07.86  269.2  009.26  30.826  1024.259  1476.31 
2024 06 27 11 12 02.91  31.951  07.563  0043.29  00.57  07.91  269.2  009.26  30.824  1024.256  1476.33 
2024 06 27 11 12 03.16  31.952  07.564  0043.04  00.59  07.90  269.2  009.26  30.826  1024.256  1476.33 
2024 06 27 11 12 03.41  31.951  07.563  0042.84  00.59  07.94  269.2  009.26  30.825  1024.255  1476.32 
2024 06 27 11 12 03.66  31.947  07.563  0042.63  00.57  07.94  269.2  009.26  30.821  1024.250  1476.31 
2024 06 27 11 12 03.91  31.946  07.563  0042.42  00.63  07.95  269.2  009.26  30.820  1024.248  1476.30 
2024 06 27 11 12 04.16  31.943  07.561  0042.16  00.65  07.87  269.7  009.26  30.818  1024.246  1476.29 
2024 06 27 11 12 04.41  31.942  07.561  0041.91  00.65  07.86  269.7  009.26  30.817  1024.244  1476.29 
2024 06 27 11 12 04.66  31.940  07.560  0041.70  00.72  07.90  269.7  009.26  30.817  1024.243  1476.28 
2024 06 27 11 12 04.91  31.939  07.560  0041.46  00.71  07.89  269.7  009.26  30.816  1024.241  1476.27 
2024 06 27 11 12 05.16  31.935  07.560  0041.21  00.66  07.91  269.7  009.26  30.812  1024.237  1476.27 
2024 06 27 11 12 05.41  31.938  07.561  0040.98  00.69  07.86  269.7  009.26  30.814  1024.238  1476.27 
2024 06 27 11 12 05.66  31.942  07.565  0040.76  00.66  07.88  269.7  009.26  30.815  1024.237  1476.28 
2024 06 27 11 12 05.91  31.942  07.566  0040.58  00.65  07.92  269.7  009.26  30.814  1024.235  1476.28 
2024 06 27 11 12 06.16  31.940  07.566  0040.39  00.62  07.95  269.7  009.26  30.812  1024.233  1476.27 
2024 06 27 11 12 06.41  31.944  07.567  0040.18  00.71  08.00  269.7  009.26  30.816  1024.234  1476.28 
2024 06 27 11 12 06.66  31.943  07.570  0039.97  00.70  07.99  269.7  009.26  30.811  1024.229  1476.28 
2024 06 27 11 12 06.91  31.944  07.571  0039.68  00.69  07.89  269.7  009.26  30.812  1024.229  1476.28 
2024 06 27 11 12 07.16  31.940  07.570  0039.52  00.62  07.86  270.3  009.26  30.809  1024.225  1476.27 
2024 06 27 11 12 07.41  31.933  07.564  0039.29  00.64  07.81  270.3  009.26  30.807  1024.224  1476.24 
2024 06 27 11 12 07.66  31.925  07.558  0039.09  00.70  07.84  270.3  009.26  30.804  1024.221  1476.21 
2024 06 27 11 12 07.91  31.920  07.552  0038.89  00.71  07.82  270.3  009.26  30.804  1024.221  1476.19 
2024 06 27 11 12 08.16  31.904  07.535  0038.64  00.74  07.90  270.3  009.26  30.801  1024.220  1476.11 
2024 06 27 11 12 08.41  31.897  07.530  0038.48  00.79  07.76  270.3  009.26  30.799  1024.218  1476.09 
2024 06 27 11 12 08.66  31.879  07.504  0038.23  00.77  07.85  270.3  009.26  30.803  1024.224  1475.99 
2024 06 27 11 12 08.91  31.858  07.502  0038.03  00.69  07.85  270.3  009.26  30.782  1024.207  1475.95 
2024 06 27 11 12 09.16  31.842  07.473  0037.83  00.80  07.92  270.3  009.26  30.791  1024.217  1475.85 
2024 06 27 11 12 09.41  31.814  07.456  0037.63  00.86  07.98  270.3  009.26  30.777  1024.207  1475.76 
2024 06 27 11 12 09.66  31.800  07.447  0037.43  00.83  07.98  270.3  009.23  30.769  1024.201  1475.71 
2024 06 27 11 12 09.91  31.743  07.381  0037.21  00.87  07.86  270.3  009.26  30.766  1024.207  1475.45 
2024 06 27 11 12 10.16  31.740  07.392  0037.00  00.90  07.89  271.3  009.26  30.753  1024.194  1475.47 
2024 06 27 11 12 10.41  31.713  07.336  0036.80  00.95  07.90  271.3  009.26  30.774  1024.217  1475.28 
2024 06 27 11 12 10.66  31.693  07.339  0036.66  01.07  07.88  271.3  009.26  30.750  1024.197  1475.26 
2024 06 27 11 12 10.91  31.670  07.314  0036.51  01.14  07.90  271.3  009.26  30.749  1024.199  1475.16 
2024 06 27 11 12 11.16  31.658  07.315  0036.33  01.04  07.90  271.3  009.26  30.734  1024.187  1475.14 
2024 06 27 11 12 11.41  31.650  07.309  0036.13  00.98  07.88  271.3  009.26  30.732  1024.184  1475.11 
2024 06 27 11 12 11.66  31.635  07.287  0035.92  00.99  07.91  271.3  009.26  30.734  1024.188  1475.03 
2024 06 27 11 12 11.91  31.625  07.283  0035.71  00.97  07.81  271.3  009.26  30.727  1024.182  1475.00 
2024 06 27 11 12 12.16  31.614  07.270  0035.49  00.95  07.89  271.3  009.26  30.727  1024.183  1474.94 
2024 06 27 11 12 12.41  31.607  07.270  0035.30  00.94  08.08  271.3  009.26  30.720  1024.177  1474.93 
2024 06 27 11 12 12.66  31.605  07.264  0035.11  01.07  08.02  271.3  009.26  30.723  1024.179  1474.91 
2024 06 27 11 12 12.91  31.592  07.254  0034.90  00.95  08.00  271.3  009.26  30.719  1024.176  1474.86 
2024 06 27 11 12 13.16  31.589  07.250  0034.70  00.97  07.93  275.1  009.29  30.719  1024.176  1474.84 
2024 06 27 11 12 13.41  31.574  07.236  0034.44  01.00  07.93  275.1  009.26  30.715  1024.173  1474.78 
2024 06 27 11 12 13.66  31.571  07.236  0034.22  01.00  07.89  275.1  009.26  30.712  1024.170  1474.77 
2024 06 27 11 12 13.91  31.566  07.232  0034.02  01.02  07.93  275.1  009.26  30.710  1024.168  1474.75 
2024 06 27 11 12 14.16  31.549  07.219  0033.81  01.03  07.91  275.1  009.26  30.704  1024.164  1474.69 
2024 06 27 11 12 14.41  31.549  07.218  0033.59  01.07  07.92  275.1  009.26  30.705  1024.163  1474.68 
2024 06 27 11 12 14.66  31.534  07.204  0033.36  01.07  07.85  275.1  009.26  30.701  1024.161  1474.62 
2024 06 27 11 12 14.91  31.530  07.204  0033.20  01.12  07.87  275.1  009.26  30.697  1024.158  1474.61 
2024 06 27 11 12 15.16  31.530  07.200  0033.05  01.09  07.89  275.1  009.26  30.701  1024.161  1474.60 
2024 06 27 11 12 15.41  31.520  07.187  0032.90  01.09  08.01  275.1  009.26  30.701  1024.161  1474.55 
2024 06 27 11 12 15.66  31.514  07.182  0032.68  01.22  07.97  275.1  009.26  30.700  1024.160  1474.52 
2024 06 27 11 12 15.91  31.501  07.173  0032.44  01.13  08.00  275.1  009.26  30.693  1024.155  1474.47 
2024 06 27 11 12 16.16  31.496  07.169  0032.25  01.07  07.86  278.3  009.26  30.691  1024.153  1474.45 
2024 06 27 11 12 16.41  31.494  07.162  0032.01  01.12  07.89  278.3  009.26  30.696  1024.157  1474.43 
2024 06 27 11 12 16.66  31.489  07.161  0031.83  01.14  07.87  278.3  009.26  30.691  1024.153  1474.41 
2024 06 27 11 12 16.91  31.484  07.158  0031.65  01.14  07.93  278.3  009.26  30.689  1024.150  1474.40 
2024 06 27 11 12 17.16  31.483  07.156  0031.45  01.09  07.90  278.3  009.26  30.689  1024.149  1474.39 
2024 06 27 11 12 17.41  31.480  07.156  0031.27  01.07  07.95  278.3  009.26  30.686  1024.146  1474.38 
2024 06 27 11 12 17.66  31.479  07.155  0031.13  01.05  07.90  278.3  009.26  30.687  1024.146  1474.37 
2024 06 27 11 12 17.91  31.481  07.154  0031.01  01.07  07.96  278.3  009.26  30.689  1024.148  1474.37 
2024 06 27 11 12 18.16  31.479  07.154  0030.87  01.16  07.92  278.3  009.26  30.687  1024.146  1474.36 
2024 06 27 11 12 18.41  31.479  07.154  0030.73  01.16  08.03  278.3  009.26  30.687  1024.145  1474.37 
2024 06 27 11 12 18.66  31.479  07.153  0030.58  01.11  07.98  278.3  009.26  30.688  1024.145  1474.36 
2024 06 27 11 12 18.91  31.471  07.144  0030.41  01.07  07.99  278.3  009.26  30.688  1024.146  1474.32 
2024 06 27 11 12 19.16  31.466  07.142  0030.23  01.12  07.94  280.4  009.26  30.684  1024.142  1474.30 
2024 06 27 11 12 19.41  31.447  07.124  0030.05  01.14  07.94  280.4  009.26  30.681  1024.141  1474.23 
2024 06 27 11 12 19.66  31.435  07.110  0029.84  01.22  07.92  280.4  009.26  30.679  1024.140  1474.17 
2024 06 27 11 12 19.91  31.429  07.109  0029.64  01.17  07.89  280.4  009.26  30.674  1024.136  1474.15 
2024 06 27 11 12 20.16  31.417  07.096  0029.47  01.16  07.85  280.4  009.26  30.673  1024.135  1474.10 
2024 06 27 11 12 20.41  31.410  07.088  0029.40  01.12  07.85  280.4  009.26  30.673  1024.136  1474.06 
2024 06 27 11 12 20.66  31.395  07.075  0029.43  01.22  08.01  280.4  009.26  30.667  1024.134  1474.01 
2024 06 27 11 12 20.91  31.386  07.066  0029.46  01.26  07.97  280.4  009.26  30.666  1024.134  1473.97 
2024 06 27 11 12 21.16  31.389  07.077  0029.39  01.26  07.98  280.4  009.26  30.659  1024.127  1474.00 
2024 06 27 11 12 21.41  31.393  07.075  0029.23  01.15  07.96  280.4  009.26  30.664  1024.131  1474.00 
2024 06 27 11 12 21.66  31.381  07.063  0029.00  01.09  08.03  280.4  009.26  30.662  1024.129  1473.95 
2024 06 27 11 12 21.91  31.373  07.060  0028.79  01.12  07.98  280.4  009.26  30.658  1024.125  1473.93 
2024 06 27 11 12 22.16  31.371  07.057  0028.58  01.18  07.93  282.5  009.26  30.658  1024.125  1473.91 
2024 06 27 11 12 22.41  31.366  07.051  0028.37  01.21  07.85  282.5  009.26  30.658  1024.125  1473.89 
2024 06 27 11 12 22.66  31.358  07.043  0028.19  01.18  07.84  282.5  009.26  30.657  1024.124  1473.85 
2024 06 27 11 12 22.91  31.354  07.036  0028.00  01.18  07.87  282.5  009.26  30.659  1024.125  1473.82 
2024 06 27 11 12 23.16  31.346  07.030  0027.70  01.34  07.95  282.5  009.26  30.655  1024.122  1473.79 
2024 06 27 11 12 23.41  31.338  07.023  0027.51  01.40  07.92  282.5  009.26  30.652  1024.120  1473.76 
2024 06 27 11 12 23.66  31.327  07.020  0027.30  01.33  07.94  282.5  009.26  30.643  1024.112  1473.73 
2024 06 27 11 12 23.91  31.310  07.000  0027.10  01.14  07.95  282.5  009.26  30.643  1024.113  1473.65 
2024 06 27 11 12 24.16  31.314  07.002  0026.93  01.21  07.96  282.5  009.26  30.645  1024.115  1473.66 
2024 06 27 11 12 24.41  31.303  06.990  0026.77  01.21  08.07  282.5  009.26  30.644  1024.114  1473.61 
2024 06 27 11 12 24.66  31.276  06.964  0026.64  01.30  08.01  282.5  009.26  30.638  1024.112  1473.49 
2024 06 27 11 12 24.91  31.265  06.955  0026.48  01.26  08.01  282.5  009.26  30.635  1024.110  1473.45 
2024 06 27 11 12 25.16  31.260  06.955  0026.34  01.21  07.92  284.3  009.26  30.629  1024.105  1473.44 
2024 06 27 11 12 25.41  31.248  06.943  0026.19  01.20  07.89  284.3  009.26  30.627  1024.104  1473.39 
2024 06 27 11 12 25.66  31.221  06.931  0025.98  01.28  07.96  284.3  009.26  30.609  1024.090  1473.31 
2024 06 27 11 12 25.91  31.193  06.892  0025.82  01.40  07.96  284.3  009.26  30.613  1024.098  1473.17 
2024 06 27 11 12 26.16  31.161  06.854  0025.63  01.37  07.89  284.3  009.26  30.612  1024.101  1473.01 
2024 06 27 11 12 26.41  31.139  06.844  0025.43  01.36  07.92  284.3  009.26  30.598  1024.091  1472.95 
2024 06 27 11 12 26.66  31.128  06.843  0025.19  01.36  07.94  284.3  009.26  30.587  1024.081  1472.93 
2024 06 27 11 12 26.91  31.117  06.833  0025.02  01.33  07.91  284.3  009.26  30.583  1024.078  1472.89 
2024 06 27 11 12 27.16  31.112  06.825  0024.90  01.40  07.97  284.3  009.26  30.584  1024.080  1472.85 
2024 06 27 11 12 27.41  31.096  06.813  0024.84  01.44  08.03  284.3  009.26  30.578  1024.076  1472.80 
2024 06 27 11 12 27.66  31.089  06.800  0024.74  01.45  08.08  284.3  009.26  30.582  1024.080  1472.75 
2024 06 27 11 12 27.91  31.091  06.808  0024.61  01.46  08.01  284.3  009.26  30.578  1024.075  1472.77 
2024 06 27 11 12 28.16  31.088  06.806  0024.44  01.47  07.95  286.5  009.26  30.575  1024.073  1472.76 
2024 06 27 11 12 28.41  31.074  06.789  0024.24  01.47  07.94  286.5  009.26  30.576  1024.075  1472.69 
2024 06 27 11 12 28.66  31.050  06.771  0024.06  01.56  07.91  286.5  009.26  30.565  1024.068  1472.60 
2024 06 27 11 12 28.91  31.031  06.757  0023.91  01.49  07.89  286.5  009.26  30.559  1024.064  1472.53 
2024 06 27 11 12 29.16  31.016  06.741  0023.77  01.47  07.92  286.5  009.26  30.556  1024.063  1472.47 
2024 06 27 11 12 29.41  31.003  06.731  0023.76  01.56  07.86  286.5  009.26  30.551  1024.060  1472.42 
2024 06 27 11 12 29.66  30.990  06.719  0023.78  01.55  08.01  286.5  009.26  30.547  1024.058  1472.37 
2024 06 27 11 12 29.91  30.982  06.708  0023.79  01.52  07.94  286.5  009.26  30.549  1024.061  1472.33 
2024 06 27 11 12 30.16  30.983  06.719  0023.78  01.65  07.94  286.5  009.26  30.539  1024.052  1472.36 
2024 06 27 11 12 30.41  30.973  06.711  0023.69  01.54  07.94  286.5  009.26  30.536  1024.051  1472.32 
2024 06 27 11 12 30.66  30.954  06.691  0023.49  01.59  08.04  286.5  009.26  30.533  1024.050  1472.24 
2024 06 27 11 12 30.91  30.939  06.681  0023.28  01.54  08.00  286.5  009.26  30.526  1024.044  1472.18 
2024 06 27 11 12 31.16  30.927  06.667  0023.00  01.63  07.97  289.6  009.26  30.526  1024.045  1472.12 
2024 06 27 11 12 31.41  30.925  06.666  0022.87  01.65  07.93  289.6  009.26  30.523  1024.042  1472.12 
2024 06 27 11 12 31.66  30.925  06.665  0022.70  01.63  07.84  289.6  009.26  30.524  1024.042  1472.11 
2024 06 27 11 12 31.91  30.914  06.657  0022.48  01.68  07.97  289.6  009.26  30.520  1024.039  1472.07 
2024 06 27 11 12 32.16  30.907  06.649  0022.28  01.72  07.93  289.6  009.26  30.520  1024.039  1472.03 
2024 06 27 11 12 32.41  30.888  06.629  0022.03  01.75  07.91  289.6  009.26  30.516  1024.038  1471.95 
2024 06 27 11 12 32.66  30.886  06.630  0021.82  01.70  07.86  289.6  009.26  30.514  1024.034  1471.94 
2024 06 27 11 12 32.91  30.876  06.625  0021.58  01.66  07.83  289.6  009.26  30.508  1024.029  1471.91 
2024 06 27 11 12 33.16  30.861  06.610  0021.39  01.61  07.90  289.6  009.26  30.505  1024.028  1471.85 
2024 06 27 11 12 33.41  30.859  06.602  0021.18  01.67  08.04  289.6  009.26  30.510  1024.032  1471.82 
2024 06 27 11 12 33.66  30.851  06.599  0021.00  01.87  07.99  289.6  009.26  30.504  1024.027  1471.80 
2024 06 27 11 12 33.91  30.847  06.603  0020.79  01.95  08.01  289.6  009.26  30.496  1024.019  1471.80 
2024 06 27 11 12 34.16  30.841  06.594  0020.62  01.92  07.90  291.5  009.26  30.498  1024.021  1471.76 
2024 06 27 11 12 34.41  30.835  06.592  0020.45  01.75  07.85  291.5  009.26  30.493  1024.017  1471.75 
2024 06 27 11 12 34.66  30.831  06.587  0020.26  01.76  07.94  291.5  009.26  30.494  1024.017  1471.72 
2024 06 27 11 12 34.91  30.825  06.579  0020.02  01.74  07.84  291.5  009.26  30.494  1024.017  1471.69 
2024 06 27 11 12 35.16  30.820  06.576  0019.81  01.73  07.93  291.5  009.26  30.490  1024.013  1471.67 
2024 06 27 11 12 35.41  30.808  06.554  0019.59  01.65  07.92  291.5  009.26  30.497  1024.020  1471.59 
2024 06 27 11 12 35.66  30.796  06.558  0019.40  01.74  07.80  291.5  009.26  30.481  1024.007  1471.58 
2024 06 27 11 12 35.91  30.791  06.550  0019.21  01.95  07.94  291.5  009.26  30.482  1024.008  1471.55 
2024 06 27 11 12 36.16  30.780  06.544  0019.04  02.11  07.95  291.5  009.26  30.475  1024.002  1471.51 
2024 06 27 11 12 36.41  30.779  06.540  0018.88  02.02  08.08  291.5  009.26  30.478  1024.004  1471.50 
2024 06 27 11 12 36.66  30.773  06.537  0018.72  02.02  08.01  291.5  009.26  30.475  1024.001  1471.48 
2024 06 27 11 12 36.91  30.758  06.526  0018.52  01.95  07.96  291.5  009.26  30.468  1023.996  1471.42 
2024 06 27 11 12 37.16  30.751  06.519  0018.26  02.00  07.89  293.1  009.26  30.467  1023.995  1471.39 
2024 06 27 11 12 37.41  30.745  06.512  0018.10  02.12  07.92  293.1  009.26  30.467  1023.995  1471.36 
2024 06 27 11 12 37.66  30.743  06.511  0017.93  02.04  07.88  293.1  009.26  30.466  1023.993  1471.35 
2024 06 27 11 12 37.91  30.741  06.507  0017.73  01.90  07.91  293.1  009.26  30.467  1023.994  1471.33 
2024 06 27 11 12 38.16  30.737  06.506  0017.53  01.96  07.90  293.1  009.26  30.463  1023.990  1471.32 
2024 06 27 11 12 38.41  30.727  06.500  0017.32  01.96  07.92  293.1  009.26  30.458  1023.986  1471.29 
2024 06 27 11 12 38.66  30.714  06.487  0017.08  02.07  07.94  293.1  009.26  30.455  1023.984  1471.23 
2024 06 27 11 12 38.91  30.700  06.474  0016.88  01.92  07.85  293.1  009.26  30.452  1023.982  1471.17 
2024 06 27 11 12 39.16  30.699  06.474  0016.70  01.90  07.96  293.1  009.26  30.451  1023.980  1471.17 
2024 06 27 11 12 39.41  30.691  06.466  0016.59  02.05  08.05  293.1  009.26  30.448  1023.979  1471.13 
2024 06 27 11 12 39.66  30.683  06.460  0016.47  02.13  08.04  293.1  009.26  30.445  1023.977  1471.10 
2024 06 27 11 12 39.91  30.681  06.461  0016.30  02.08  07.96  293.1  009.26  30.443  1023.974  1471.10 
2024 06 27 11 12 40.16  30.683  06.461  0016.18  02.08  07.97  294.1  009.26  30.445  1023.975  1471.10 
2024 06 27 11 12 40.41  30.680  06.460  0016.02  01.90  07.95  294.1  009.26  30.443  1023.973  1471.09 
2024 06 27 11 12 40.66  30.678  06.460  0015.87  01.93  07.85  294.1  009.26  30.440  1023.970  1471.08 
2024 06 27 11 12 40.91  30.676  06.454  0015.70  02.01  07.91  294.1  009.26  30.444  1023.973  1471.06 
2024 06 27 11 12 41.16  30.669  06.453  0015.45  01.96  07.94  294.1  009.26  30.438  1023.967  1471.04 
2024 06 27 11 12 41.41  30.667  06.450  0015.29  01.83  08.00  294.1  009.26  30.438  1023.967  1471.03 
2024 06 27 11 12 41.66  30.666  06.448  0015.04  01.92  07.99  294.1  009.26  30.439  1023.966  1471.02 
2024 06 27 11 12 41.91  30.663  06.447  0014.88  01.95  07.99  294.1  009.26  30.436  1023.964  1471.01 
2024 06 27 11 12 42.16  30.663  06.445  0014.66  01.99  07.85  294.1  009.26  30.438  1023.965  1471.00 
2024 06 27 11 12 42.41  30.662  06.445  0014.49  01.98  08.02  294.1  009.26  30.437  1023.963  1471.00 
2024 06 27 11 12 42.66  30.662  06.443  0014.29  02.22  08.05  294.1  009.26  30.439  1023.964  1470.99 
2024 06 27 11 12 42.91  30.659  06.443  0014.08  02.40  07.99  294.1  009.26  30.436  1023.960  1470.98 
2024 06 27 11 12 43.16  30.663  06.445  0013.91  02.24  07.83  294.7  009.26  30.438  1023.962  1470.99 
2024 06 27 11 12 43.41  30.664  06.445  0013.81  02.06  07.89  294.7  009.26  30.440  1023.962  1470.99 
2024 06 27 11 12 43.66  30.677  06.465  0013.80  02.00  07.98  294.7  009.26  30.436  1023.956  1471.06 
2024 06 27 11 12 43.91  30.687  06.475  0013.81  02.03  07.99  294.7  009.26  30.438  1023.957  1471.11 
2024 06 27 11 12 44.16  30.688  06.481  0013.79  02.11  07.98  294.7  009.26  30.434  1023.953  1471.12 
2024 06 27 11 12 44.41  30.692  06.481  0013.78  02.20  07.87  294.7  009.26  30.438  1023.956  1471.13 
2024 06 27 11 12 44.66  30.691  06.479  0013.69  02.09  07.88  294.7  009.26  30.439  1023.957  1471.12 
2024 06 27 11 12 44.91  30.701  06.483  0013.48  02.06  07.80  294.7  009.26  30.446  1023.961  1471.14 
2024 06 27 11 12 45.16  30.721  06.517  0013.28  02.14  07.98  294.7  009.26  30.438  1023.949  1471.27 
2024 06 27 11 12 45.41  30.726  06.525  0013.09  02.14  07.98  294.7  009.26  30.437  1023.946  1471.29 
2024 06 27 11 12 45.66  30.728  06.525  0012.93  02.44  07.90  294.7  009.26  30.439  1023.947  1471.29 
2024 06 27 11 12 45.91  30.731  06.526  0012.78  02.42  07.93  294.7  009.26  30.441  1023.948  1471.30 
2024 06 27 11 12 46.16  30.738  06.536  0012.59  02.35  07.95  294.7  009.26  30.441  1023.946  1471.33 
2024 06 27 11 12 46.41  30.748  06.547  0012.39  02.38  07.97  294.7  009.26  30.441  1023.944  1471.37 
2024 06 27 11 12 46.66  30.758  06.564  0012.19  02.12  07.84  294.7  009.26  30.438  1023.938  1471.43 
2024 06 27 11 12 46.91  30.775  06.575  0011.95  02.21  07.90  294.7  009.26  30.446  1023.942  1471.48 
2024 06 27 11 12 47.16  30.775  06.585  0011.76  02.34  07.85  294.7  009.26  30.438  1023.934  1471.51 
2024 06 27 11 12 47.41  30.703  06.500  0011.50  02.54  07.85  294.7  009.26  30.435  1023.941  1471.16 
2024 06 27 11 12 47.66  30.619  06.432  0011.28  02.97  07.93  294.7  009.26  30.403  1023.923  1470.85 
2024 06 27 11 12 47.91  30.512  06.258  0011.08  03.48  07.84  294.7  009.26  30.441  1023.973  1470.20 
2024 06 27 11 12 48.16  30.388  06.220  0010.86  04.00  07.89  294.7  009.26  30.338  1023.895  1469.92 
2024 06 27 11 12 48.41  30.348  06.135  0010.69  04.08  08.06  294.7  009.26  30.369  1023.929  1469.61 
2024 06 27 11 12 48.66  30.277  06.074  0010.52  04.27  08.08  294.7  009.26  30.345  1023.917  1469.34 
2024 06 27 11 12 48.91  30.238  06.052  0010.36  04.36  08.03  294.7  009.26  30.322  1023.900  1469.22 
2024 06 27 11 12 49.16  30.166  05.980  0010.15  04.34  07.90  292.7  009.26  30.307  1023.896  1468.91 
2024 06 27 11 12 49.41  30.132  05.961  0009.91  04.37  07.89  292.7  009.26  30.287  1023.881  1468.80 
2024 06 27 11 12 49.66  30.093  05.906  0009.70  04.33  07.89  292.7  009.26  30.292  1023.890  1468.58 
2024 06 27 11 12 49.91  30.074  05.896  0009.50  04.54  07.88  292.7  009.26  30.280  1023.882  1468.52 
2024 06 27 11 12 50.16  30.071  05.898  0009.29  04.60  07.91  292.7  009.26  30.276  1023.877  1468.52 
2024 06 27 11 12 50.41  30.065  05.886  0009.09  04.72  07.80  292.7  009.26  30.279  1023.880  1468.48 
2024 06 27 11 12 50.66  30.052  05.872  0008.92  04.81  07.86  292.7  009.26  30.278  1023.879  1468.42 
2024 06 27 11 12 50.91  30.041  05.864  0008.73  05.08  07.99  292.7  009.26  30.272  1023.875  1468.37 
2024 06 27 11 12 51.16  30.028  05.853  0008.50  05.06  07.93  292.7  009.26  30.268  1023.872  1468.32 
2024 06 27 11 12 51.41  30.015  05.850  0008.32  05.00  07.96  292.7  009.26  30.256  1023.862  1468.29 
2024 06 27 11 12 51.66  29.985  05.819  0008.12  04.88  08.06  292.7  009.26  30.250  1023.860  1468.15 
2024 06 27 11 12 51.91  29.958  05.799  0007.88  04.94  07.98  292.7  009.26  30.239  1023.853  1468.05 
2024 06 27 11 12 52.16  29.946  05.771  0007.68  05.01  07.97  299.1  009.26  30.251  1023.864  1467.95 
2024 06 27 11 12 52.41  29.916  05.744  0007.44  05.05  07.82  299.1  009.26  30.242  1023.859  1467.83 
2024 06 27 11 12 52.66  29.892  05.729  0007.20  04.90  07.94  299.1  009.26  30.229  1023.849  1467.75 
2024 06 27 11 12 52.91  29.858  05.701  0007.01  04.94  07.92  299.1  009.26  30.215  1023.841  1467.61 
2024 06 27 11 12 53.16  29.837  05.659  0006.81  05.27  07.88  299.1  009.26  30.229  1023.856  1467.46 
2024 06 27 11 12 53.41  29.829  05.649  0006.63  05.33  07.95  299.1  009.26  30.230  1023.857  1467.42 
2024 06 27 11 12 53.66  29.801  05.630  0006.48  05.62  08.00  299.1  009.26  30.215  1023.846  1467.32 
2024 06 27 11 12 53.91  29.763  05.575  0006.33  05.51  07.94  299.1  009.26  30.223  1023.858  1467.10 
2024 06 27 11 12 54.16  29.746  05.592  0006.17  06.10  07.95  299.1  009.26  30.188  1023.828  1467.12 
2024 06 27 11 12 54.41  29.735  05.575  0006.03  05.94  08.12  299.1  009.26  30.192  1023.832  1467.06 
2024 06 27 11 12 54.66  29.708  05.529  0005.98  05.86  08.12  299.1  009.26  30.203  1023.845  1466.88 
2024 06 27 11 12 54.91  29.622  05.453  0005.97  06.13  08.03  299.1  009.26  30.174  1023.831  1466.54 
2024 06 27 11 12 55.16  29.623  05.464  0005.93  06.32  07.95  302.4  009.26  30.165  1023.823  1466.57 
2024 06 27 11 12 55.41  29.618  05.461  0005.82  06.62  07.98  302.4  009.26  30.163  1023.820  1466.55 
2024 06 27 11 12 55.66  29.573  05.406  0005.66  06.64  07.91  302.4  009.26  30.161  1023.824  1466.33 
2024 06 27 11 12 55.91  29.505  05.338  0005.52  06.10  07.85  302.4  009.26  30.145  1023.819  1466.03 
2024 06 27 11 12 56.16  29.499  05.326  0005.34  06.05  07.95  302.4  009.26  30.150  1023.823  1465.98 
2024 06 27 11 12 56.41  29.487  05.318  0005.19  05.91  07.97  302.4  009.26  30.144  1023.818  1465.94 
2024 06 27 11 12 56.66  29.482  05.306  0005.05  06.34  07.98  302.4  009.26  30.149  1023.823  1465.89 
2024 06 27 11 12 56.91  29.474  05.300  0004.91  06.57  07.89  302.4  009.26  30.145  1023.820  1465.86 
2024 06 27 11 12 57.16  29.466  05.298  0004.78  06.91  07.95  302.4  009.26  30.139  1023.814  1465.84 
2024 06 27 11 12 57.41  29.464  05.289  0004.61  07.11  08.07  302.4  009.26  30.144  1023.819  1465.81 
2024 06 27 11 12 57.66  29.458  05.288  0004.50  06.79  08.07  302.4  009.26  30.139  1023.814  1465.80 
2024 06 27 11 12 57.91  29.447  05.285  0004.35  06.87  07.99  302.4  009.26  30.129  1023.806  1465.77 
2024 06 27 11 12 58.16  29.444  05.278  0004.18  07.19  07.95  307.0  009.26  30.132  1023.808  1465.74 
2024 06 27 11 12 58.41  29.437  05.270  0004.06  06.95  07.91  307.0  009.26  30.131  1023.808  1465.70 
2024 06 27 11 12 58.66  29.432  05.266  0003.91  06.55  07.92  307.0  009.26  30.130  1023.806  1465.68 
2024 06 27 11 12 58.91  29.431  05.261  0003.79  06.36  07.96  307.0  009.26  30.133  1023.809  1465.67 
2024 06 27 11 12 59.16  29.429  05.262  0003.70  06.24  07.86  307.0  009.26  30.129  1023.806  1465.66 
2024 06 27 11 12 59.41  29.428  05.261  0003.56  06.54  07.86  307.0  009.26  30.129  1023.805  1465.66 
2024 06 27 11 12 59.66  29.424  05.260  0003.36  06.82  07.98  307.0  009.26  30.126  1023.802  1465.65 
2024 06 27 11 12 59.91  29.423  05.258  0003.16  06.60  07.92  307.0  009.26  30.126  1023.801  1465.64 
2024 06 27 11 13 00.16  29.423  05.259  0003.01  06.35  07.88  307.0  009.26  30.125  1023.799  1465.64 
2024 06 27 11 13 00.41  29.423  05.259  0002.86  06.58  07.99  307.0  009.26  30.126  1023.800  1465.63 
2024 06 27 11 13 00.66  29.419  05.260  0002.67  07.14  08.02  307.0  009.26  30.121  1023.795  1465.63 
2024 06 27 11 13 00.91  29.422  05.258  0002.53  07.79  08.00  307.0  009.26  30.125  1023.797  1465.62 
2024 06 27 11 13 01.16  29.419  05.258  0002.39  07.25  08.01  310.2  009.26  30.121  1023.794  1465.62 
2024 06 27 11 13 01.41  29.418  05.256  0002.24  07.24  08.00  310.2  009.26  30.123  1023.794  1465.61 
2024 06 27 11 13 01.66  29.415  05.255  0002.10  06.64  07.99  310.2  009.29  30.121  1023.793  1465.60 
2024 06 27 11 13 01.91  29.414  05.254  0001.96  06.91  07.92  310.2  009.26  30.120  1023.791  1465.59 
2024 06 27 11 13 02.16  29.413  05.253  0001.85  06.91  07.94  310.2  009.26  30.120  1023.791  1465.59 
2024 06 27 11 13 02.41  29.412  05.252  0001.74  07.27  07.96  310.2  009.26  30.120  1023.790  1465.58 
2024 06 27 11 13 02.66  29.411  05.253  0001.64  06.82  07.89  310.2  009.26  30.119  1023.789  1465.58 
2024 06 27 11 13 02.91  29.408  05.247  0001.45  06.54  07.88  310.2  009.26  30.120  1023.789  1465.55 
2024 06 27 11 13 03.16  29.410  05.249  0001.33  06.62  07.94  310.2  009.26  30.120  1023.789  1465.56 
2024 06 27 11 13 03.41  29.409  05.248  0001.23  06.66  08.02  310.2  009.26  30.121  1023.789  1465.56 
2024 06 27 11 13 03.66  29.408  05.248  0001.18  06.84  08.03  310.2  009.26  30.119  1023.787  1465.55 
2024 06 27 11 13 03.91  29.405  05.248  0001.09  07.00  08.08  310.2  009.26  30.117  1023.785  1465.55 
2024 06 27 11 13 04.16  29.406  05.247  0001.05  07.40  07.88  312.3  009.26  30.118  1023.786  1465.55 
2024 06 27 11 13 04.41  29.402  05.240  0000.98  07.10  07.83  312.3  009.26  30.120  1023.788  1465.52 
2024 06 27 11 13 04.66  29.400  05.240  0000.97  06.66  07.87  312.3  009.26  30.118  1023.787  1465.52 
2024 06 27 11 13 04.91  29.398  05.237  0000.97  06.92  07.81  312.3  009.26  30.118  1023.787  1465.50 
2024 06 27 11 13 05.16  29.397  05.234  0000.96  06.79  07.83  312.3  009.26  30.120  1023.788  1465.49 
2024 06 27 11 13 05.41  29.398  05.230  0000.97  06.64  07.89  312.3  009.26  30.125  1023.793  1465.48 
2024 06 27 11 13 05.66  29.395  05.229  0000.93  06.45  07.93  312.3  009.26  30.121  1023.790  1465.48 
2024 06 27 11 13 05.91  29.396  05.229  0000.95  06.41  07.97  312.3  009.26  30.124  1023.792  1465.48 
2024 06 27 11 13 06.16  29.396  05.227  0000.95  06.44  07.95  312.3  009.26  30.124  1023.793  1465.47 
2024 06 27 11 13 06.41  29.395  05.228  0000.94  06.66  08.01  312.3  009.26  30.122  1023.791  1465.47 
2024 06 27 11 13 06.66  29.393  05.228  0000.94  06.74  08.08  312.3  009.26  30.121  1023.790  1465.47 
2024 06 27 11 13 06.91  29.395  05.231  0000.94  07.62  08.08  312.3  009.26  30.119  1023.788  1465.48 
2024 06 27 11 13 07.16  29.392  05.229  0000.93  07.61  07.96  313.4  009.26  30.119  1023.788  1465.47 
2024 06 27 11 13 07.41  29.388  05.227  0000.88  06.90  07.87  313.4  009.26  30.115  1023.785  1465.46 
2024 06 27 11 13 07.66  29.389  05.227  0000.85  06.72  07.89  313.4  009.26  30.117  1023.786  1465.46 
2024 06 27 11 13 07.91  29.390  05.227  0000.77  06.54  07.99  313.4  009.26  30.118  1023.787  1465.46 
2024 06 27 11 13 08.16  29.392  05.227  0000.74  06.76  08.00  313.4  009.26  30.121  1023.789  1465.46 
2024 06 27 11 13 08.41  29.392  05.228  0000.67  06.74  07.97  313.4  009.26  30.119  1023.787  1465.46 
2024 06 27 11 13 08.66  29.389  05.228  0000.60  06.51  07.97  313.4  009.26  30.117  1023.785  1465.46 
2024 06 27 11 13 08.91  29.388  05.227  0000.51  06.53  07.87  313.4  009.26  30.117  1023.784  1465.45 
2024 06 27 11 13 09.16  29.384  05.214  0000.44  06.66  07.87  313.4  009.26  30.123  1023.790  1465.41 
2024 06 27 11 13 09.41  29.380  05.211  0000.34  06.56  08.10  313.4  009.26  30.122  1023.790  1465.39 
2024 06 27 11 13 09.66  29.382  05.214  0000.26  06.56  08.05  313.4  009.26  30.121  1023.788  1465.40 
2024 06 27 11 13 09.91  29.378  05.214  0000.25  06.79  08.03  313.4  009.26  30.117  1023.785  1465.40 
2024 06 27 11 13 10.16  29.378  05.214  0000.23  06.57  07.95  313.5  009.26  30.117  1023.785  1465.40 
2024 06 27 11 13 10.41  29.381  05.217  0000.20  06.30  07.91  313.5  009.26  30.118  1023.785  1465.41 
2024 06 27 11 13 10.66  29.379  05.216  0000.18  06.14  07.90  313.5  009.26  30.116  1023.784  1465.40 
2024 06 27 11 13 10.91  29.378  05.218  0000.06  06.53  07.90  313.5  009.26  30.113  1023.781  1465.40 
2024 06 27 11 13 11.16  29.386  05.222  0000.05  06.50  07.90  313.5  009.26  30.119  1023.784  1465.43 
2024 06 27 11 13 11.41  19.755  05.207  0000.05  06.40  07.91  313.5  009.26  19.494  1015.391  1451.91 
2024 06 27 11 13 11.66  01.862  05.149  0000.04  36.17  07.90  313.5  009.26  01.557  1001.209  1428.87 
2024 06 27 11 13 11.91  01.204  04.978  0000.03  39.48  07.91  313.5  009.26  00.990  1000.760  1427.37 
2024 06 27 11 13 12.16  00.503  04.875  0000.05  49.54  07.91  313.5  009.26  00.400  1000.289  1426.13 
2024 06 27 11 13 12.41  00.494  04.614  0000.04  24.22  08.05  313.5  009.26  00.395  1000.289  1424.95 
2024 06 27 11 13 12.66  00.212  04.290  0000.03  09.27  08.04  313.5  009.26  00.167  1000.109  1423.18 
2024 06 27 11 13 12.91  00.144  04.053  0000.03  03.27  08.05  313.5  009.26  00.113  1000.066  1422.02 
2024 06 27 11 13 13.16  00.115  03.784  0000.02  01.47  07.85  315.1  009.26  00.091  1000.048  1420.76 
