2024 06 27 17 08 03.26  17.855  02.723  0000.01  00.59  07.96  360.9  009.26  18.836  1015.018  1440.24 
2024 06 27 17 08 03.51  26.490  02.889  0000.05  02.09  07.63  360.9  009.26  28.846  1022.985  1453.94 
2024 06 27 17 08 03.76  26.497  02.890  0000.13  01.33  08.66  360.9  009.26  28.854  1022.991  1453.96 
2024 06 27 17 08 04.01  26.517  02.917  0000.22  00.98  08.56  360.9  009.26  28.854  1022.990  1454.07 
2024 06 27 17 08 04.26  26.530  02.908  0000.29  00.93  08.58  360.9  009.26  28.878  1023.010  1454.07 
2024 06 27 17 08 04.51  26.534  02.915  0000.37  00.98  08.58  360.9  009.26  28.876  1023.008  1454.10 
2024 06 27 17 08 04.76  26.554  02.941  0000.39  01.01  08.59  360.9  009.26  28.876  1023.007  1454.21 
2024 06 27 17 08 05.01  26.560  02.955  0000.42  00.98  08.59  360.9  009.26  28.871  1023.001  1454.27 
2024 06 27 17 08 05.26  26.560  02.948  0000.43  00.94  08.61  360.9  009.26  28.877  1023.006  1454.24 
2024 06 27 17 08 05.51  26.550  02.927  0000.44  00.96  08.60  360.9  009.26  28.885  1023.014  1454.16 
2024 06 27 17 08 05.76  26.555  02.930  0000.44  00.93  08.56  346.5  009.26  28.887  1023.016  1454.18 
2024 06 27 17 08 06.01  26.553  02.922  0000.45  00.91  08.56  346.5  009.26  28.893  1023.021  1454.15 
2024 06 27 17 08 06.26  26.572  02.943  0000.48  00.92  08.56  346.5  009.26  28.896  1023.023  1454.25 
2024 06 27 17 08 06.51  26.588  02.955  0000.52  00.93  08.55  346.5  009.26  28.905  1023.029  1454.31 
2024 06 27 17 08 06.76  26.603  02.964  0000.57  00.96  08.55  346.5  009.26  28.914  1023.036  1454.36 
2024 06 27 17 08 07.01  26.680  03.053  0000.69  00.94  08.54  346.5  009.26  28.926  1023.039  1454.77 
2024 06 27 17 08 07.26  26.775  03.125  0000.79  00.91  08.54  346.5  009.26  28.975  1023.073  1455.14 
2024 06 27 17 08 07.51  26.771  03.108  0000.77  00.94  08.53  346.5  009.26  28.985  1023.082  1455.08 
2024 06 27 17 08 07.76  26.711  03.060  0000.68  00.95  08.54  346.5  009.26  28.957  1023.063  1454.84 
2024 06 27 17 08 08.01  26.628  02.977  0000.61  00.95  08.54  346.5  009.26  28.933  1023.050  1454.44 
2024 06 27 17 08 08.26  26.630  02.996  0000.62  00.95  08.54  346.5  009.26  28.919  1023.037  1454.51 
2024 06 27 17 08 08.51  26.634  02.980  0000.65  00.95  08.53  346.5  009.26  28.937  1023.053  1454.46 
2024 06 27 17 08 08.76  26.643  02.985  0000.70  00.99  08.51  320.1  009.26  28.943  1023.058  1454.49 
2024 06 27 17 08 09.01  26.670  03.079  0000.73  01.00  08.51  320.1  009.26  28.890  1023.009  1454.84 
2024 06 27 17 08 09.26  26.643  02.995  0000.72  00.94  08.50  320.1  009.26  28.934  1023.050  1454.53 
2024 06 27 17 08 09.51  26.662  02.997  0000.71  00.96  08.50  320.1  009.26  28.955  1023.066  1454.56 
2024 06 27 17 08 09.76  26.680  03.037  0000.71  01.04  08.50  320.1  009.26  28.941  1023.052  1454.72 
2024 06 27 17 08 10.01  26.691  03.077  0000.70  00.99  08.49  320.1  009.26  28.918  1023.031  1454.86 
2024 06 27 17 08 10.26  26.704  03.072  0000.71  01.14  08.49  320.1  009.26  28.937  1023.047  1454.87 
2024 06 27 17 08 10.51  26.709  03.070  0000.73  01.04  08.49  320.1  009.26  28.946  1023.054  1454.87 
2024 06 27 17 08 10.76  26.712  03.074  0000.72  00.96  08.50  320.1  009.26  28.946  1023.053  1454.89 
2024 06 27 17 08 11.01  26.718  03.069  0000.70  00.85  08.50  320.1  009.26  28.957  1023.063  1454.88 
2024 06 27 17 08 11.26  26.728  03.095  0000.71  00.92  08.48  320.1  009.26  28.945  1023.051  1454.98 
2024 06 27 17 08 11.51  26.734  03.105  0000.73  00.93  08.48  320.1  009.26  28.944  1023.049  1455.02 
2024 06 27 17 08 11.76  26.735  03.105  0000.73  01.00  08.46  306.4  009.26  28.944  1023.050  1455.02 
2024 06 27 17 08 12.01  26.736  03.106  0000.72  00.90  08.46  306.4  009.26  28.946  1023.051  1455.02 
2024 06 27 17 08 12.26  26.737  03.101  0000.73  00.88  08.45  306.4  009.26  28.951  1023.056  1455.01 
2024 06 27 17 08 12.51  26.739  03.086  0000.73  00.97  08.45  306.4  009.26  28.966  1023.069  1454.96 
2024 06 27 17 08 12.76  26.740  03.081  0000.73  01.03  08.45  306.4  009.26  28.972  1023.074  1454.95 
2024 06 27 17 08 13.01  26.739  03.079  0000.73  00.91  08.45  306.4  009.26  28.973  1023.075  1454.94 
2024 06 27 17 08 13.26  26.736  03.077  0000.74  01.00  08.45  306.4  009.26  28.972  1023.074  1454.93 
2024 06 27 17 08 13.51  26.737  03.070  0000.71  01.00  08.44  306.4  009.26  28.979  1023.080  1454.91 
2024 06 27 17 08 13.76  26.733  03.080  0000.72  00.92  08.45  306.4  009.26  28.966  1023.069  1454.93 
2024 06 27 17 08 14.01  26.726  03.069  0000.74  00.98  08.46  306.4  009.26  28.967  1023.071  1454.89 
2024 06 27 17 08 14.26  26.712  03.054  0000.76  00.89  08.46  306.4  009.26  28.963  1023.069  1454.82 
2024 06 27 17 08 14.51  26.714  03.041  0000.76  00.88  08.45  306.4  009.26  28.978  1023.081  1454.78 
2024 06 27 17 08 14.76  26.712  03.044  0000.78  00.92  08.43  299.2  009.26  28.972  1023.077  1454.79 
2024 06 27 17 08 15.01  26.706  03.043  0000.78  00.99  08.43  299.2  009.26  28.967  1023.073  1454.78 
2024 06 27 17 08 15.26  26.707  03.041  0000.78  00.98  08.43  299.2  009.26  28.969  1023.075  1454.77 
2024 06 27 17 08 15.51  26.705  03.039  0000.79  01.09  08.43  299.2  009.26  28.968  1023.074  1454.76 
2024 06 27 17 08 15.76  26.715  03.056  0000.84  01.09  08.43  299.2  009.26  28.965  1023.070  1454.83 
2024 06 27 17 08 16.01  26.720  03.060  0000.85  01.02  08.43  299.2  009.26  28.968  1023.073  1454.85 
2024 06 27 17 08 16.26  26.712  03.036  0000.85  01.00  08.42  299.2  009.26  28.979  1023.083  1454.77 
2024 06 27 17 08 16.51  26.708  03.037  0000.85  00.92  08.42  299.2  009.26  28.975  1023.080  1454.76 
2024 06 27 17 08 16.76  26.709  03.043  0000.84  01.03  08.43  299.2  009.26  28.970  1023.076  1454.78 
2024 06 27 17 08 17.01  26.712  03.046  0000.86  00.97  08.45  299.2  009.26  28.970  1023.075  1454.80 
2024 06 27 17 08 17.26  26.709  03.043  0000.86  01.00  08.48  299.2  009.26  28.970  1023.076  1454.78 
2024 06 27 17 08 17.51  26.707  03.051  0000.85  01.04  08.48  299.2  009.26  28.960  1023.067  1454.80 
2024 06 27 17 08 17.76  26.705  03.042  0000.85  00.93  08.46  295.7  009.26  28.965  1023.072  1454.77 
2024 06 27 17 08 18.01  26.700  03.047  0000.85  01.00  08.45  295.7  009.26  28.955  1023.064  1454.78 
2024 06 27 17 08 18.26  26.693  03.043  0000.86  01.00  08.45  295.7  009.26  28.950  1023.060  1454.76 
2024 06 27 17 08 18.51  26.690  03.039  0000.85  00.94  08.45  295.7  009.26  28.951  1023.061  1454.74 
2024 06 27 17 08 18.76  26.693  03.034  0000.85  00.91  08.44  295.7  009.26  28.959  1023.068  1454.73 
2024 06 27 17 08 19.01  26.702  03.029  0000.86  01.03  08.44  295.7  009.26  28.974  1023.080  1454.73 
2024 06 27 17 08 19.26  26.710  03.099  0000.86  01.09  08.44  295.7  009.26  28.920  1023.032  1454.96 
2024 06 27 17 08 19.51  26.715  03.124  0000.85  01.01  08.44  295.7  009.26  28.904  1023.017  1455.05 
2024 06 27 17 08 19.76  26.721  03.125  0000.84  01.03  08.45  295.7  009.26  28.911  1023.022  1455.06 
2024 06 27 17 08 20.01  26.724  03.137  0000.85  01.04  08.45  295.7  009.26  28.903  1023.015  1455.10 
2024 06 27 17 08 20.26  26.731  03.137  0000.85  01.03  08.45  295.7  009.26  28.912  1023.022  1455.11 
2024 06 27 17 08 20.51  26.736  03.144  0000.85  00.99  08.44  295.7  009.26  28.911  1023.021  1455.14 
2024 06 27 17 08 20.76  26.743  03.144  0000.86  00.94  08.43  293.5  009.26  28.919  1023.027  1455.15 
2024 06 27 17 08 21.01  26.753  03.143  0000.86  00.95  08.43  293.5  009.26  28.933  1023.039  1455.17 
2024 06 27 17 08 21.26  26.755  03.158  0000.84  00.93  08.42  293.5  009.26  28.922  1023.028  1455.22 
2024 06 27 17 08 21.51  26.763  03.160  0000.86  00.90  08.42  293.5  009.26  28.929  1023.034  1455.24 
2024 06 27 17 08 21.76  26.772  03.163  0000.86  00.85  08.42  293.5  009.26  28.937  1023.040  1455.26 
2024 06 27 17 08 22.01  26.775  03.161  0000.86  00.99  08.42  293.5  009.26  28.943  1023.045  1455.26 
2024 06 27 17 08 22.26  26.782  03.147  0000.86  01.04  08.42  293.5  009.26  28.963  1023.062  1455.23 
2024 06 27 17 08 22.51  26.787  03.140  0000.86  01.09  08.42  293.5  009.26  28.976  1023.073  1455.21 
2024 06 27 17 08 22.76  26.794  03.144  0000.87  01.06  08.42  293.5  009.26  28.980  1023.076  1455.23 
2024 06 27 17 08 23.01  26.799  03.161  0000.86  01.00  08.42  293.5  009.26  28.971  1023.068  1455.30 
2024 06 27 17 08 23.26  26.798  03.168  0000.86  00.99  08.42  293.5  009.26  28.964  1023.062  1455.32 
2024 06 27 17 08 23.51  26.798  03.171  0000.85  01.00  08.42  293.5  009.26  28.961  1023.058  1455.32 
2024 06 27 17 08 23.76  26.797  03.158  0000.86  01.01  08.41  292.0  009.26  28.971  1023.068  1455.28 
2024 06 27 17 08 24.01  26.798  03.158  0000.85  00.97  08.40  292.0  009.26  28.972  1023.069  1455.28 
2024 06 27 17 08 24.26  26.800  03.154  0000.86  00.95  08.40  292.0  009.26  28.979  1023.074  1455.27 
2024 06 27 17 08 24.51  26.802  03.177  0000.85  00.96  08.40  292.0  009.26  28.960  1023.057  1455.35 
2024 06 27 17 08 24.76  26.801  03.184  0000.86  00.99  08.40  292.0  009.26  28.952  1023.051  1455.37 
2024 06 27 17 08 25.01  26.804  03.157  0000.85  01.09  08.40  292.0  009.26  28.980  1023.075  1455.29 
2024 06 27 17 08 25.26  26.811  03.151  0000.86  01.04  08.39  292.0  009.26  28.995  1023.087  1455.28 
2024 06 27 17 08 25.51  26.812  03.149  0000.85  01.02  08.39  292.0  009.26  28.998  1023.089  1455.28 
2024 06 27 17 08 25.76  26.814  03.153  0000.86  00.94  08.40  292.0  009.26  28.996  1023.088  1455.29 
2024 06 27 17 08 26.01  26.819  03.161  0000.86  00.89  08.41  292.0  009.26  28.995  1023.086  1455.33 
2024 06 27 17 08 26.26  26.823  03.164  0000.86  00.97  08.41  292.0  009.26  28.997  1023.088  1455.34 
2024 06 27 17 08 26.51  26.821  03.156  0000.87  01.00  08.40  292.0  009.26  29.001  1023.092  1455.31 
2024 06 27 17 08 26.76  26.822  03.155  0000.86  00.95  08.38  290.6  009.26  29.004  1023.094  1455.31 
2024 06 27 17 08 27.01  26.823  03.162  0000.85  00.97  08.38  290.6  009.26  28.998  1023.089  1455.34 
2024 06 27 17 08 27.26  26.831  03.167  0000.85  00.97  08.39  290.6  009.26  29.004  1023.093  1455.36 
2024 06 27 17 08 27.51  26.835  03.180  0000.86  00.97  08.37  290.6  009.26  28.997  1023.086  1455.41 
2024 06 27 17 08 27.76  26.836  03.190  0000.86  01.02  08.35  290.6  009.26  28.989  1023.079  1455.44 
2024 06 27 17 08 28.01  26.840  03.198  0000.86  01.00  08.35  290.6  009.26  28.987  1023.077  1455.47 
2024 06 27 17 08 28.26  26.844  03.190  0000.85  01.02  08.39  290.6  009.26  28.998  1023.087  1455.46 
2024 06 27 17 08 28.51  26.844  03.191  0000.86  00.95  08.39  290.6  009.26  28.998  1023.086  1455.46 
2024 06 27 17 08 28.76  26.844  03.191  0000.86  01.04  08.35  290.6  009.26  28.998  1023.086  1455.46 
2024 06 27 17 08 29.01  26.850  03.201  0000.85  01.04  08.36  290.6  009.26  28.996  1023.084  1455.50 
2024 06 27 17 08 29.26  26.854  03.205  0000.84  01.02  08.39  290.6  009.26  28.997  1023.085  1455.52 
2024 06 27 17 08 29.51  26.861  03.209  0000.86  00.96  08.36  290.6  009.26  29.002  1023.088  1455.54 
2024 06 27 17 08 29.76  26.868  03.216  0000.86  00.99  08.34  289.2  009.26  29.003  1023.089  1455.57 
2024 06 27 17 08 30.01  26.876  03.210  0000.86  00.95  08.34  289.2  009.26  29.019  1023.102  1455.57 
2024 06 27 17 08 30.26  26.880  03.201  0000.86  00.95  08.38  289.2  009.26  29.031  1023.112  1455.55 
2024 06 27 17 08 30.51  26.879  03.196  0000.85  00.99  08.34  289.2  009.26  29.035  1023.116  1455.53 
2024 06 27 17 08 30.76  26.884  03.210  0000.86  00.96  08.34  289.2  009.26  29.029  1023.109  1455.58 
2024 06 27 17 08 31.01  26.884  03.225  0000.86  01.01  08.35  289.2  009.26  29.014  1023.097  1455.63 
2024 06 27 17 08 31.26  26.892  03.234  0000.86  00.95  08.35  289.2  009.26  29.015  1023.097  1455.67 
2024 06 27 17 08 31.51  26.900  03.239  0000.85  00.89  08.34  289.2  009.26  29.020  1023.101  1455.70 
2024 06 27 17 08 31.76  26.904  03.239  0000.86  00.95  08.35  289.2  009.26  29.025  1023.104  1455.70 
2024 06 27 17 08 32.01  26.907  03.236  0000.86  01.04  08.35  289.2  009.26  29.032  1023.110  1455.70 
2024 06 27 17 08 32.26  26.910  03.241  0000.84  01.02  08.34  289.2  009.26  29.031  1023.109  1455.72 
2024 06 27 17 08 32.51  26.911  03.242  0000.86  00.96  08.36  289.2  009.26  29.031  1023.109  1455.72 
2024 06 27 17 08 32.76  26.915  03.243  0000.85  00.97  08.33  288.0  009.26  29.035  1023.112  1455.73 
2024 06 27 17 08 33.01  26.917  03.250  0000.86  00.97  08.37  288.0  009.26  29.032  1023.109  1455.76 
2024 06 27 17 08 33.26  26.918  03.250  0000.86  00.95  08.33  288.0  009.26  29.033  1023.109  1455.76 
2024 06 27 17 08 33.51  26.918  03.246  0000.86  01.00  08.34  288.0  009.26  29.036  1023.113  1455.75 
2024 06 27 17 08 33.76  26.922  03.248  0000.86  00.96  08.33  288.0  009.26  29.039  1023.115  1455.76 
2024 06 27 17 08 34.01  26.927  03.249  0000.85  01.02  08.33  288.0  009.26  29.044  1023.119  1455.77 
2024 06 27 17 08 34.26  26.927  03.248  0000.85  00.95  08.37  288.0  009.26  29.045  1023.119  1455.77 
2024 06 27 17 08 34.51  26.927  03.252  0000.86  00.95  08.32  288.0  009.26  29.041  1023.116  1455.78 
2024 06 27 17 08 34.76  26.927  03.253  0000.85  01.00  08.33  288.0  009.26  29.040  1023.115  1455.78 
2024 06 27 17 08 35.01  26.926  03.258  0000.84  01.06  08.34  288.0  009.26  29.035  1023.110  1455.80 
2024 06 27 17 08 35.26  26.927  03.263  0000.85  01.08  08.33  288.0  009.26  29.032  1023.108  1455.81 
2024 06 27 17 08 35.51  26.930  03.257  0000.86  01.02  08.37  288.0  009.26  29.040  1023.115  1455.80 
2024 06 27 17 08 35.76  26.930  03.253  0000.86  01.00  08.32  287.1  009.26  29.044  1023.118  1455.79 
2024 06 27 17 08 36.01  26.932  03.251  0000.86  01.04  08.32  287.1  009.26  29.048  1023.122  1455.79 
2024 06 27 17 08 36.26  26.932  03.252  0000.86  00.98  08.32  287.1  009.26  29.048  1023.122  1455.79 
2024 06 27 17 08 36.51  26.934  03.250  0000.86  00.94  08.32  287.1  009.26  29.051  1023.124  1455.78 
2024 06 27 17 08 36.76  26.941  03.248  0000.86  00.91  08.36  287.1  009.26  29.062  1023.133  1455.79 
2024 06 27 17 08 37.01  26.944  03.255  0000.86  00.96  08.32  287.1  009.26  29.059  1023.130  1455.81 
2024 06 27 17 08 37.26  26.944  03.272  0000.85  01.01  08.32  287.1  009.26  29.044  1023.117  1455.87 
2024 06 27 17 08 37.51  26.951  03.299  0000.86  00.99  08.33  287.1  009.26  29.028  1023.102  1455.97 
2024 06 27 17 08 37.76  26.953  03.301  0000.85  01.00  08.32  287.1  009.26  29.028  1023.102  1455.97 
2024 06 27 17 08 38.01  26.954  03.298  0000.86  01.06  08.32  287.1  009.26  29.032  1023.105  1455.96 
2024 06 27 17 08 38.26  26.953  03.289  0000.86  01.03  08.32  287.1  009.26  29.039  1023.112  1455.93 
2024 06 27 17 08 38.51  26.954  03.280  0000.86  01.00  08.32  287.1  009.26  29.048  1023.119  1455.91 
2024 06 27 17 08 38.76  26.953  03.277  0000.86  00.99  08.31  286.6  009.26  29.049  1023.121  1455.90 
2024 06 27 17 08 39.01  26.950  03.277  0000.86  01.02  08.31  286.6  009.26  29.046  1023.118  1455.90 
2024 06 27 17 08 39.26  26.949  03.278  0000.86  00.96  08.31  286.6  009.26  29.044  1023.117  1455.89 
2024 06 27 17 08 39.51  26.949  03.276  0000.86  00.92  08.31  286.6  009.29  29.046  1023.118  1455.89 
2024 06 27 17 08 39.76  26.946  03.280  0000.85  00.90  08.31  286.6  009.26  29.039  1023.112  1455.90 
2024 06 27 17 08 40.01  26.946  03.286  0000.86  00.98  08.31  286.6  009.26  29.033  1023.107  1455.91 
2024 06 27 17 08 40.26  26.952  03.287  0000.85  00.96  08.31  286.6  009.26  29.040  1023.112  1455.93 
2024 06 27 17 08 40.51  26.953  03.287  0000.86  00.90  08.31  286.6  009.26  29.041  1023.113  1455.93 
2024 06 27 17 08 40.76  26.954  03.287  0000.86  00.95  08.31  286.6  009.26  29.043  1023.115  1455.93 
2024 06 27 17 08 41.01  26.954  03.288  0000.86  00.99  08.32  286.6  009.23  29.042  1023.114  1455.94 
2024 06 27 17 08 41.26  26.958  03.288  0000.85  00.96  08.31  286.6  009.26  29.046  1023.117  1455.94 
2024 06 27 17 08 41.51  26.958  03.286  0000.85  01.03  08.31  286.6  009.26  29.049  1023.119  1455.93 
2024 06 27 17 08 41.76  26.961  03.287  0000.85  01.04  08.30  286.1  009.26  29.050  1023.120  1455.94 
2024 06 27 17 08 42.01  26.962  03.293  0000.85  00.99  08.30  286.1  009.26  29.047  1023.117  1455.96 
2024 06 27 17 08 42.26  26.964  03.299  0000.84  01.04  08.30  286.1  009.26  29.043  1023.114  1455.98 
2024 06 27 17 08 42.51  26.970  03.302  0000.86  01.00  08.30  286.1  009.26  29.047  1023.117  1456.00 
2024 06 27 17 08 42.76  26.969  03.303  0000.86  00.93  08.30  286.1  009.26  29.045  1023.115  1456.01 
2024 06 27 17 08 43.01  26.967  03.303  0000.83  00.93  08.30  286.1  009.26  29.043  1023.114  1456.00 
2024 06 27 17 08 43.26  26.962  03.299  0000.85  00.96  08.30  286.1  009.26  29.040  1023.112  1455.98 
2024 06 27 17 08 43.51  26.961  03.293  0000.84  01.04  08.30  286.1  009.26  29.045  1023.116  1455.96 
2024 06 27 17 08 43.76  26.960  03.292  0000.84  01.00  08.30  286.1  009.26  29.045  1023.116  1455.96 
2024 06 27 17 08 44.01  26.963  03.293  0000.85  01.01  08.31  286.1  009.26  29.048  1023.118  1455.96 
2024 06 27 17 08 44.26  26.966  03.289  0000.86  00.97  08.31  286.1  009.26  29.055  1023.124  1455.96 
2024 06 27 17 08 44.51  26.962  03.289  0000.87  00.97  08.30  286.1  009.26  29.050  1023.120  1455.95 
2024 06 27 17 08 44.76  26.957  03.288  0000.84  00.97  08.29  285.7  009.26  29.045  1023.116  1455.94 
2024 06 27 17 08 45.01  26.946  03.287  0000.85  00.89  08.29  285.7  009.26  29.033  1023.107  1455.92 
2024 06 27 17 08 45.26  26.944  03.270  0000.86  00.90  08.30  285.7  009.26  29.046  1023.118  1455.86 
2024 06 27 17 08 45.51  26.935  03.246  0000.85  00.94  08.30  285.7  009.26  29.057  1023.129  1455.77 
2024 06 27 17 08 45.76  26.934  03.240  0000.83  00.94  08.29  285.7  009.26  29.060  1023.132  1455.75 
2024 06 27 17 08 46.01  26.936  03.247  0000.85  01.00  08.29  285.7  009.26  29.057  1023.129  1455.78 
2024 06 27 17 08 46.26  26.938  03.249  0000.86  01.03  08.29  285.7  009.26  29.057  1023.129  1455.79 
2024 06 27 17 08 46.51  26.935  03.259  0000.85  00.93  08.29  285.7  009.26  29.045  1023.118  1455.82 
2024 06 27 17 08 46.76  26.931  03.256  0000.86  00.95  08.29  285.7  009.26  29.042  1023.116  1455.80 
2024 06 27 17 08 47.01  26.927  03.259  0000.86  00.98  08.30  285.7  009.26  29.034  1023.110  1455.80 
2024 06 27 17 08 47.26  26.918  03.260  0000.84  00.97  08.30  285.7  009.26  29.023  1023.101  1455.79 
2024 06 27 17 08 47.51  26.911  03.256  0000.84  01.00  08.30  285.7  009.26  29.019  1023.098  1455.77 
2024 06 27 17 08 47.76  26.908  03.255  0000.86  01.02  08.29  285.5  009.26  29.016  1023.096  1455.76 
2024 06 27 17 08 48.01  26.898  03.255  0000.86  00.88  08.29  285.5  009.26  29.004  1023.086  1455.75 
2024 06 27 17 08 48.26  26.891  03.204  0000.85  00.88  08.28  285.5  009.26  29.041  1023.120  1455.57 
2024 06 27 17 08 48.51  26.888  03.183  0000.86  00.87  08.28  285.5  009.26  29.058  1023.135  1455.50 
2024 06 27 17 08 48.76  26.886  03.185  0000.85  00.96  08.28  285.5  009.26  29.053  1023.131  1455.51 
2024 06 27 17 08 49.01  26.885  03.201  0000.86  00.92  08.28  285.5  009.26  29.038  1023.117  1455.55 
2024 06 27 17 08 49.26  26.880  03.201  0000.86  00.93  08.28  285.5  009.26  29.031  1023.112  1455.55 
2024 06 27 17 08 49.51  26.867  03.185  0000.86  00.90  08.28  285.5  009.26  29.030  1023.113  1455.47 
2024 06 27 17 08 49.76  26.866  03.192  0000.85  00.93  08.29  285.5  009.26  29.023  1023.107  1455.50 
2024 06 27 17 08 50.01  26.872  03.193  0000.85  00.90  08.29  285.5  009.26  29.030  1023.112  1455.51 
2024 06 27 17 08 50.26  26.872  03.192  0000.86  01.79  08.29  285.5  009.26  29.029  1023.111  1455.51 
2024 06 27 17 08 50.51  26.863  03.181  0000.86  01.21  08.29  285.5  009.26  29.029  1023.112  1455.46 
2024 06 27 17 08 50.76  26.853  03.160  0000.86  00.97  08.28  285.5  009.26  29.036  1023.119  1455.37 
2024 06 27 17 08 51.01  26.840  03.157  0000.85  00.98  08.28  285.5  009.26  29.023  1023.109  1455.35 
2024 06 27 17 08 51.26  26.849  03.161  0000.86  00.95  08.28  285.5  009.26  29.030  1023.114  1455.37 
2024 06 27 17 08 51.51  26.856  03.175  0000.85  00.96  08.28  285.5  009.26  29.026  1023.110  1455.43 
2024 06 27 17 08 51.76  26.856  03.185  0000.85  00.94  08.28  285.5  009.26  29.017  1023.102  1455.46 
2024 06 27 17 08 52.01  26.857  03.196  0000.86  00.90  08.28  285.5  009.26  29.008  1023.094  1455.49 
2024 06 27 17 08 52.26  26.861  03.206  0000.86  00.97  08.27  285.5  009.26  29.005  1023.091  1455.53 
2024 06 27 17 08 52.51  26.867  03.214  0000.86  00.97  08.27  285.5  009.26  29.004  1023.090  1455.57 
2024 06 27 17 08 52.76  26.868  03.217  0000.86  00.92  08.28  285.5  009.26  29.002  1023.088  1455.58 
2024 06 27 17 08 53.01  26.871  03.220  0000.86  00.96  08.28  285.5  009.26  29.004  1023.089  1455.59 
2024 06 27 17 08 53.26  26.878  03.226  0000.85  00.94  08.28  285.5  009.26  29.007  1023.091  1455.62 
2024 06 27 17 08 53.51  26.884  03.235  0000.86  00.98  08.28  285.5  009.26  29.005  1023.089  1455.66 
2024 06 27 17 08 53.76  26.890  03.239  0000.85  01.15  08.27  285.7  009.26  29.009  1023.092  1455.68 
2024 06 27 17 08 54.01  26.889  03.237  0000.86  01.00  08.27  285.7  009.26  29.010  1023.093  1455.67 
2024 06 27 17 08 54.26  26.888  03.231  0000.87  00.98  08.27  285.7  009.26  29.014  1023.096  1455.65 
2024 06 27 17 08 54.51  26.880  03.221  0000.86  00.91  08.27  285.7  009.26  29.014  1023.097  1455.61 
2024 06 27 17 08 54.76  26.879  03.206  0000.85  00.93  08.27  285.7  009.26  29.025  1023.107  1455.56 
2024 06 27 17 08 55.01  26.871  03.205  0000.86  00.97  08.27  285.7  009.26  29.017  1023.101  1455.55 
2024 06 27 17 08 55.26  26.867  03.200  0000.86  01.00  08.27  285.7  009.26  29.017  1023.101  1455.52 
2024 06 27 17 08 55.51  26.872  03.202  0000.85  00.95  08.27  285.7  009.26  29.022  1023.105  1455.54 
2024 06 27 17 08 55.76  26.869  03.209  0000.87  00.86  08.27  285.7  009.26  29.011  1023.096  1455.56 
2024 06 27 17 08 56.01  26.872  03.209  0000.86  00.90  08.28  285.7  009.26  29.015  1023.099  1455.56 
2024 06 27 17 08 56.26  26.873  03.187  0000.85  00.90  08.27  285.7  009.26  29.036  1023.117  1455.49 
2024 06 27 17 08 56.51  26.879  03.196  0000.85  00.96  08.27  285.7  009.26  29.035  1023.116  1455.53 
2024 06 27 17 08 56.76  26.886  03.223  0000.85  00.96  08.26  285.2  009.26  29.019  1023.101  1455.63 
2024 06 27 17 08 57.01  26.893  03.238  0000.84  00.88  08.26  285.2  009.26  29.014  1023.095  1455.68 
2024 06 27 17 08 57.26  26.900  03.240  0000.85  00.88  08.26  285.2  009.26  29.021  1023.101  1455.70 
2024 06 27 17 08 57.51  26.899  03.243  0000.86  00.97  08.26  285.2  009.26  29.016  1023.097  1455.71 
2024 06 27 17 08 57.76  26.898  03.239  0000.85  00.96  08.26  285.2  009.26  29.018  1023.099  1455.69 
2024 06 27 17 08 58.01  26.892  03.236  0000.86  00.90  08.26  285.2  009.26  29.013  1023.095  1455.68 
2024 06 27 17 08 58.26  26.892  03.220  0000.86  00.91  08.26  285.2  009.26  29.028  1023.108  1455.63 
2024 06 27 17 08 58.51  26.889  03.225  0000.87  00.96  08.26  285.2  009.26  29.020  1023.102  1455.64 
2024 06 27 17 08 58.76  26.886  03.224  0000.86  00.94  08.26  285.2  009.26  29.018  1023.100  1455.63 
2024 06 27 17 08 59.01  26.882  03.207  0000.86  00.85  08.27  285.2  009.26  29.028  1023.109  1455.57 
2024 06 27 17 08 59.26  26.881  03.193  0000.87  00.93  08.27  285.2  009.26  29.040  1023.120  1455.52 
2024 06 27 17 08 59.51  26.883  03.200  0000.85  00.98  08.27  285.2  009.26  29.036  1023.116  1455.55 
2024 06 27 17 08 59.76  26.883  03.193  0000.86  00.98  08.25  285.2  009.26  29.042  1023.122  1455.52 
2024 06 27 17 09 00.01  26.880  03.200  0000.86  01.02  08.25  285.2  009.26  29.032  1023.113  1455.54 
2024 06 27 17 09 00.26  26.888  03.220  0000.86  00.95  08.25  285.2  009.26  29.024  1023.105  1455.62 
2024 06 27 17 09 00.51  26.892  03.231  0000.83  00.93  08.25  285.2  009.26  29.019  1023.100  1455.66 
2024 06 27 17 09 00.76  26.898  03.240  0000.86  00.95  08.25  285.2  009.26  29.018  1023.099  1455.70 
2024 06 27 17 09 01.01  26.897  03.239  0000.86  00.94  08.25  285.2  009.26  29.018  1023.099  1455.69 
2024 06 27 17 09 01.26  26.896  03.239  0000.85  00.88  08.25  285.2  009.26  29.016  1023.097  1455.69 
2024 06 27 17 09 01.51  26.892  03.239  0000.86  00.86  08.25  285.2  009.26  29.011  1023.093  1455.68 
2024 06 27 17 09 01.76  26.887  03.239  0000.86  00.83  08.26  285.2  009.26  29.006  1023.089  1455.68 
2024 06 27 17 09 02.01  26.883  03.234  0000.85  00.95  08.26  285.2  009.26  29.005  1023.089  1455.65 
2024 06 27 17 09 02.26  26.876  03.196  0000.86  01.00  08.26  285.2  009.26  29.031  1023.112  1455.52 
2024 06 27 17 09 02.51  26.867  03.191  0000.86  00.99  08.26  285.2  009.26  29.025  1023.108  1455.49 
2024 06 27 17 09 02.76  26.868  03.182  0000.86  01.04  08.25  285.2  009.26  29.035  1023.117  1455.47 
2024 06 27 17 09 03.01  26.867  03.186  0000.86  01.04  08.25  285.2  009.26  29.029  1023.112  1455.48 
2024 06 27 17 09 03.26  26.868  03.191  0000.87  00.92  08.25  285.2  009.26  29.027  1023.109  1455.50 
2024 06 27 17 09 03.51  26.868  03.187  0000.85  00.94  08.25  285.2  009.26  29.029  1023.112  1455.48 
2024 06 27 17 09 03.76  26.871  03.191  0000.86  00.97  08.25  285.2  009.26  29.030  1023.112  1455.50 
2024 06 27 17 09 04.01  26.876  03.193  0000.86  00.91  08.25  285.2  009.26  29.034  1023.115  1455.52 
2024 06 27 17 09 04.26  26.884  03.213  0000.87  00.93  08.25  285.2  009.26  29.025  1023.107  1455.59 
2024 06 27 17 09 04.51  26.886  03.218  0000.86  00.92  08.24  285.2  009.26  29.023  1023.104  1455.61 
2024 06 27 17 09 04.76  26.888  03.231  0000.86  00.88  08.25  285.2  009.26  29.014  1023.096  1455.65 
2024 06 27 17 09 05.01  26.888  03.223  0000.86  00.92  08.25  285.2  009.26  29.022  1023.103  1455.63 
2024 06 27 17 09 05.26  26.890  03.227  0000.86  00.86  08.25  285.2  009.26  29.020  1023.101  1455.64 
2024 06 27 17 09 05.51  26.888  03.225  0000.86  00.92  08.25  285.2  009.26  29.019  1023.101  1455.63 
2024 06 27 17 09 05.76  26.892  03.227  0000.86  00.90  08.24  284.9  009.26  29.023  1023.104  1455.65 
2024 06 27 17 09 06.01  26.897  03.229  0000.86  00.94  08.24  284.9  009.26  29.027  1023.107  1455.66 
2024 06 27 17 09 06.26  26.895  03.235  0000.86  00.95  08.24  284.9  009.26  29.018  1023.099  1455.68 
2024 06 27 17 09 06.51  26.897  03.238  0000.86  00.97  08.24  284.9  009.26  29.019  1023.100  1455.69 
2024 06 27 17 09 06.76  26.896  03.236  0000.86  00.98  08.24  284.9  009.26  29.019  1023.100  1455.68 
2024 06 27 17 09 07.01  26.898  03.237  0000.89  00.93  08.24  284.9  009.26  29.021  1023.101  1455.69 
2024 06 27 17 09 07.26  26.895  03.233  0000.88  00.90  08.24  284.9  009.26  29.020  1023.101  1455.67 
2024 06 27 17 09 07.51  26.895  03.243  0000.86  00.88  08.24  284.9  009.26  29.011  1023.093  1455.70 
2024 06 27 17 09 07.76  26.892  03.233  0000.86  00.84  08.24  284.9  009.26  29.016  1023.098  1455.67 
2024 06 27 17 09 08.01  26.891  03.219  0000.87  00.96  08.25  284.9  009.26  29.028  1023.109  1455.62 
2024 06 27 17 09 08.26  26.891  03.222  0000.88  00.97  08.24  284.9  009.26  29.025  1023.106  1455.63 
2024 06 27 17 09 08.51  26.892  03.232  0000.89  00.89  08.24  284.9  009.29  29.018  1023.099  1455.67 
2024 06 27 17 09 08.76  26.888  03.225  0000.88  00.92  08.23  284.6  009.26  29.019  1023.100  1455.64 
2024 06 27 17 09 09.01  26.875  03.218  0000.88  00.90  08.23  284.6  009.26  29.010  1023.094  1455.59 
2024 06 27 17 09 09.26  26.865  03.212  0000.88  01.00  08.23  284.6  009.26  29.003  1023.089  1455.56 
2024 06 27 17 09 09.51  26.853  03.177  0000.86  00.98  08.23  284.6  009.26  29.020  1023.105  1455.43 
2024 06 27 17 09 09.76  26.841  03.167  0000.87  00.88  08.23  284.6  009.26  29.017  1023.103  1455.38 
2024 06 27 17 09 10.01  26.838  03.147  0000.88  00.89  08.23  284.6  009.26  29.030  1023.116  1455.31 
2024 06 27 17 09 10.26  26.832  03.156  0000.87  00.91  08.23  284.6  009.26  29.014  1023.102  1455.33 
2024 06 27 17 09 10.51  26.829  03.154  0000.88  00.89  08.23  284.6  009.26  29.012  1023.101  1455.32 
2024 06 27 17 09 10.76  26.819  03.157  0000.88  00.93  08.23  284.6  009.26  28.998  1023.090  1455.31 
2024 06 27 17 09 11.01  26.818  03.153  0000.86  00.89  08.24  284.6  009.26  29.002  1023.092  1455.30 
2024 06 27 17 09 11.26  26.815  03.138  0000.88  00.93  08.24  284.6  009.26  29.011  1023.101  1455.25 
2024 06 27 17 09 11.51  26.814  03.143  0000.89  00.89  08.24  284.6  009.26  29.006  1023.097  1455.26 
2024 06 27 17 09 11.76  26.816  03.141  0000.89  00.90  08.23  284.6  009.26  29.009  1023.100  1455.26 
2024 06 27 17 09 12.01  26.814  03.140  0000.86  00.91  08.23  284.6  009.26  29.008  1023.099  1455.25 
2024 06 27 17 09 12.26  26.810  03.146  0000.88  00.88  08.23  284.6  009.26  28.998  1023.090  1455.27 
2024 06 27 17 09 12.51  26.803  03.145  0000.88  00.95  08.22  284.6  009.26  28.991  1023.085  1455.25 
2024 06 27 17 09 12.76  26.811  03.114  0000.87  00.93  08.22  284.6  009.26  29.028  1023.116  1455.17 
2024 06 27 17 09 13.01  26.818  03.130  0000.86  00.88  08.22  284.6  009.26  29.022  1023.110  1455.23 
2024 06 27 17 09 13.26  26.820  03.134  0000.87  00.92  08.22  284.6  009.26  29.020  1023.108  1455.24 
2024 06 27 17 09 13.51  26.818  03.130  0000.88  00.98  08.22  284.6  009.26  29.022  1023.111  1455.23 
2024 06 27 17 09 13.76  26.824  03.171  0000.88  00.89  08.23  284.6  009.26  28.992  1023.083  1455.36 
2024 06 27 17 09 14.01  26.831  03.219  0000.88  00.85  08.23  284.6  009.26  28.957  1023.052  1455.53 
2024 06 27 17 09 14.26  26.834  03.235  0000.87  00.95  08.23  284.6  009.26  28.946  1023.042  1455.58 
2024 06 27 17 09 14.51  26.841  03.234  0000.87  00.98  08.23  284.6  009.26  28.956  1023.050  1455.59 
2024 06 27 17 09 14.76  26.841  03.236  0000.88  00.99  08.22  284.9  009.26  28.953  1023.047  1455.60 
2024 06 27 17 09 15.01  26.845  03.242  0000.86  00.90  08.22  284.9  009.26  28.954  1023.047  1455.62 
2024 06 27 17 09 15.26  26.854  03.251  0000.87  00.82  08.22  284.9  009.26  28.956  1023.048  1455.67 
2024 06 27 17 09 15.51  26.859  03.261  0000.88  00.94  08.27  284.9  009.26  28.953  1023.045  1455.70 
2024 06 27 17 09 15.76  26.862  03.248  0000.88  00.93  08.22  284.9  009.26  28.968  1023.058  1455.67 
2024 06 27 17 09 16.01  26.865  03.237  0000.87  00.92  08.27  284.9  009.26  28.981  1023.069  1455.64 
2024 06 27 17 09 16.26  26.865  03.235  0000.90  00.85  08.22  284.9  009.26  28.983  1023.071  1455.63 
2024 06 27 17 09 16.51  26.864  03.238  0000.89  00.90  08.22  284.9  009.26  28.979  1023.068  1455.64 
2024 06 27 17 09 16.76  26.855  03.203  0000.87  00.97  08.27  284.9  009.26  29.000  1023.087  1455.52 
2024 06 27 17 09 17.01  26.858  03.216  0000.86  00.94  08.23  284.9  009.26  28.992  1023.080  1455.56 
2024 06 27 17 09 17.26  26.853  03.209  0000.90  00.93  08.23  284.9  009.26  28.993  1023.081  1455.53 
2024 06 27 17 09 17.51  26.850  03.190  0000.89  00.85  08.22  284.9  009.26  29.006  1023.093  1455.47 
2024 06 27 17 09 17.76  26.857  03.206  0000.88  00.88  08.26  284.7  009.26  29.000  1023.087  1455.53 
2024 06 27 17 09 18.01  26.859  03.212  0000.89  00.89  08.26  284.7  009.26  28.997  1023.084  1455.55 
2024 06 27 17 09 18.26  26.849  03.217  0000.89  00.88  08.21  284.7  009.26  28.981  1023.071  1455.55 
2024 06 27 17 09 18.51  26.828  03.184  0000.89  00.95  08.21  284.7  009.26  28.985  1023.077  1455.41 
2024 06 27 17 09 18.76  26.810  03.132  0000.89  00.88  08.21  284.7  009.26  29.009  1023.100  1455.22 
2024 06 27 17 09 19.01  26.798  03.123  0000.89  00.90  08.26  284.7  009.26  29.005  1023.097  1455.17 
2024 06 27 17 09 19.26  26.798  03.125  0000.88  00.90  08.25  284.7  009.26  29.002  1023.095  1455.18 
2024 06 27 17 09 19.51  26.797  03.127  0000.87  00.84  08.25  284.7  009.26  28.999  1023.093  1455.18 
2024 06 27 17 09 19.76  26.801  03.138  0000.89  00.90  08.22  284.7  009.26  28.994  1023.088  1455.23 
2024 06 27 17 09 20.01  26.802  03.161  0000.88  00.83  08.22  284.7  009.26  28.976  1023.071  1455.30 
2024 06 27 17 09 20.26  26.805  03.178  0000.88  00.87  08.22  284.7  009.26  28.962  1023.059  1455.36 
2024 06 27 17 09 20.51  26.833  03.203  0000.88  00.85  08.22  284.7  009.26  28.974  1023.066  1455.48 
2024 06 27 17 09 20.76  26.868  03.249  0000.88  00.89  08.25  284.6  009.26  28.975  1023.063  1455.68 
2024 06 27 17 09 21.01  26.884  03.279  0000.88  00.92  08.25  284.6  009.26  28.966  1023.054  1455.80 
2024 06 27 17 09 21.26  26.878  03.271  0000.88  00.95  08.24  284.6  009.26  28.966  1023.055  1455.77 
2024 06 27 17 09 21.51  26.873  03.233  0000.87  00.94  08.24  284.6  009.26  28.994  1023.081  1455.64 
2024 06 27 17 09 21.76  26.871  03.208  0000.87  00.91  08.24  284.6  009.26  29.014  1023.098  1455.55 
2024 06 27 17 09 22.01  26.884  03.212  0000.88  00.89  08.23  284.6  009.26  29.026  1023.108  1455.59 
2024 06 27 17 09 22.26  26.899  03.238  0000.88  00.87  08.20  284.6  009.26  29.020  1023.101  1455.69 
2024 06 27 17 09 22.51  26.900  03.242  0000.89  00.92  08.20  284.6  009.26  29.019  1023.099  1455.71 
2024 06 27 17 09 22.76  26.904  03.262  0000.87  01.11  08.20  284.6  009.26  29.004  1023.086  1455.78 
2024 06 27 17 09 23.01  26.905  03.264  0000.89  00.92  08.21  284.6  009.26  29.004  1023.086  1455.78 
2024 06 27 17 09 23.26  26.907  03.282  0000.89  00.95  08.21  284.6  009.26  28.990  1023.073  1455.84 
2024 06 27 17 09 23.51  26.910  03.286  0000.89  00.95  08.21  284.6  009.26  28.991  1023.073  1455.86 
2024 06 27 17 09 23.76  26.915  03.296  0000.87  00.88  08.19  285.0  009.26  28.988  1023.071  1455.90 
2024 06 27 17 09 24.01  26.920  03.317  0000.89  00.88  08.19  285.0  009.26  28.975  1023.059  1455.97 
2024 06 27 17 09 24.26  26.921  03.308  0000.89  00.96  08.19  285.0  009.26  28.984  1023.066  1455.95 
2024 06 27 17 09 24.51  26.930  03.302  0000.90  01.03  08.19  285.0  009.26  29.000  1023.080  1455.94 
2024 06 27 17 09 24.76  26.937  03.299  0000.88  00.93  08.19  285.0  009.26  29.011  1023.089  1455.94 
2024 06 27 17 09 25.01  26.938  03.281  0000.89  00.91  08.19  285.0  009.26  29.028  1023.103  1455.89 
2024 06 27 17 09 25.26  26.946  03.282  0000.86  00.93  08.19  285.0  009.26  29.037  1023.111  1455.90 
2024 06 27 17 09 25.51  26.953  03.314  0000.89  01.01  08.19  285.0  009.26  29.016  1023.092  1456.02 
2024 06 27 17 09 25.76  26.954  03.317  0000.88  01.00  08.19  285.0  009.26  29.015  1023.090  1456.03 
2024 06 27 17 09 26.01  26.954  03.300  0000.88  00.89  08.20  285.0  009.26  29.030  1023.103  1455.97 
2024 06 27 17 09 26.26  26.954  03.307  0000.89  00.89  08.20  285.0  009.26  29.024  1023.099  1456.00 
2024 06 27 17 09 26.51  26.954  03.309  0000.90  00.90  08.20  285.0  009.26  29.022  1023.097  1456.00 
2024 06 27 17 09 26.76  26.955  03.313  0000.88  01.01  08.23  284.6  009.26  29.020  1023.095  1456.01 
2024 06 27 17 09 27.01  26.963  03.329  0000.88  00.96  08.19  284.6  009.26  29.016  1023.090  1456.08 
2024 06 27 17 09 27.26  26.962  03.327  0000.89  00.93  08.19  284.6  009.26  29.016  1023.090  1456.07 
2024 06 27 17 09 27.51  26.963  03.331  0000.90  00.92  08.19  284.6  009.26  29.014  1023.088  1456.08 
2024 06 27 17 09 27.76  26.969  03.316  0000.89  00.89  08.19  284.6  009.26  29.033  1023.105  1456.05 
2024 06 27 17 09 28.01  26.967  03.305  0000.88  00.89  08.19  284.6  009.26  29.042  1023.112  1456.01 
2024 06 27 17 09 28.26  26.968  03.304  0000.87  00.90  08.19  284.6  009.26  29.043  1023.114  1456.01 
2024 06 27 17 09 28.51  26.967  03.302  0000.88  00.95  08.19  284.6  009.26  29.045  1023.115  1456.00 
2024 06 27 17 09 28.76  26.965  03.309  0000.89  00.97  08.19  284.6  009.26  29.035  1023.107  1456.02 
2024 06 27 17 09 29.01  26.968  03.297  0000.89  00.89  08.20  284.6  009.26  29.050  1023.119  1455.98 
2024 06 27 17 09 29.26  26.965  03.303  0000.89  00.92  08.20  284.6  009.26  29.040  1023.112  1456.00 
2024 06 27 17 09 29.51  26.965  03.306  0000.88  00.90  08.19  284.6  009.26  29.038  1023.110  1456.01 
2024 06 27 17 09 29.76  26.967  03.308  0000.88  00.88  08.18  283.8  009.26  29.039  1023.110  1456.02 
2024 06 27 17 09 30.01  26.967  03.308  0000.89  00.99  08.18  283.8  009.26  29.039  1023.110  1456.02 
2024 06 27 17 09 30.26  26.965  03.305  0000.87  00.90  08.18  283.8  009.26  29.039  1023.110  1456.00 
2024 06 27 17 09 30.51  26.962  03.303  0000.89  00.94  08.18  283.8  009.26  29.037  1023.109  1455.99 
2024 06 27 17 09 30.76  26.970  03.303  0000.90  01.01  08.18  283.8  009.26  29.046  1023.116  1456.01 
2024 06 27 17 09 31.01  26.975  03.303  0000.92  00.95  08.18  283.8  009.26  29.053  1023.122  1456.01 
2024 06 27 17 09 31.26  26.998  03.328  0000.95  00.93  08.18  283.8  009.26  29.057  1023.123  1456.13 
2024 06 27 17 09 31.51  27.037  03.367  0001.03  00.81  08.22  283.8  009.26  29.068  1023.130  1456.31 
2024 06 27 17 09 31.76  27.077  03.401  0001.09  00.92  08.18  283.8  009.26  29.085  1023.140  1456.48 
2024 06 27 17 09 32.01  27.085  03.414  0001.09  01.02  08.19  283.8  009.26  29.083  1023.138  1456.53 
2024 06 27 17 09 32.26  27.096  03.415  0001.19  00.96  08.19  283.8  009.26  29.095  1023.148  1456.56 
2024 06 27 17 09 32.51  27.195  03.526  0001.28  00.97  08.19  283.8  009.26  29.112  1023.153  1457.06 
2024 06 27 17 09 32.76  27.265  03.577  0001.38  00.97  08.12  283.5  009.26  29.149  1023.178  1457.32 
2024 06 27 17 09 33.01  27.265  03.566  0001.40  00.97  08.13  283.5  009.26  29.159  1023.187  1457.29 
2024 06 27 17 09 33.26  27.248  03.522  0001.41  00.97  08.17  283.5  009.26  29.178  1023.206  1457.13 
2024 06 27 17 09 33.51  27.277  03.573  0001.51  01.01  08.17  283.5  009.26  29.167  1023.193  1457.33 
2024 06 27 17 09 33.76  27.508  03.800  0001.64  00.97  08.17  283.5  009.26  29.235  1023.229  1458.39 
2024 06 27 17 09 34.01  27.616  03.863  0001.86  01.02  08.20  283.5  009.26  29.304  1023.279  1458.75 
2024 06 27 17 09 34.26  28.076  04.359  0002.06  00.95  08.21  283.5  009.26  29.394  1023.307  1460.96 
2024 06 27 17 09 34.51  28.397  04.616  0002.29  01.05  08.21  283.5  009.26  29.535  1023.395  1462.22 
2024 06 27 17 09 34.76  28.630  04.832  0002.54  01.13  08.29  283.5  009.26  29.608  1023.432  1463.21 
2024 06 27 17 09 35.01  28.826  05.003  0002.80  01.29  08.29  283.5  009.26  29.678  1023.472  1464.01 
2024 06 27 17 09 35.26  28.990  05.149  0003.05  01.41  08.29  283.5  009.26  29.734  1023.502  1464.69 
2024 06 27 17 09 35.51  29.180  05.323  0003.32  01.50  08.28  283.5  009.26  29.793  1023.532  1465.48 
2024 06 27 17 09 35.76  29.312  05.436  0003.56  01.62  08.18  286.2  009.26  29.842  1023.559  1466.01 
2024 06 27 17 09 36.01  29.431  05.530  0003.84  01.68  08.19  286.2  009.26  29.891  1023.589  1466.46 
2024 06 27 17 09 36.26  29.478  05.565  0004.19  01.75  08.19  286.2  009.26  29.912  1023.604  1466.63 
2024 06 27 17 09 36.51  29.597  05.693  0004.51  01.80  08.19  286.2  009.26  29.932  1023.606  1467.18 
2024 06 27 17 09 36.76  29.782  05.843  0004.89  02.01  08.16  286.2  009.26  30.004  1023.648  1467.89 
2024 06 27 17 09 37.01  29.849  05.896  0005.23  02.16  08.01  286.2  009.26  30.032  1023.666  1468.14 
2024 06 27 17 09 37.26  29.922  05.966  0005.57  02.20  08.03  286.2  009.26  30.051  1023.674  1468.45 
2024 06 27 17 09 37.51  30.097  06.138  0005.93  02.43  08.04  286.2  009.26  30.092  1023.688  1469.20 
2024 06 27 17 09 37.76  30.198  06.215  0006.28  02.53  08.14  286.2  009.26  30.135  1023.715  1469.57 
2024 06 27 17 09 38.01  30.199  06.209  0006.67  02.66  08.13  286.2  009.26  30.141  1023.722  1469.56 
2024 06 27 17 09 38.26  30.197  06.205  0007.07  02.60  08.15  286.2  009.26  30.143  1023.726  1469.55 
2024 06 27 17 09 38.51  30.188  06.182  0007.43  02.53  08.15  286.2  009.26  30.152  1023.737  1469.48 
2024 06 27 17 09 38.76  30.234  06.223  0007.81  02.45  08.06  274.5  009.26  30.167  1023.746  1469.66 
2024 06 27 17 09 39.01  30.333  06.311  0008.20  02.53  08.10  274.5  009.26  30.198  1023.762  1470.06 
2024 06 27 17 09 39.26  30.464  06.427  0008.57  02.41  08.10  274.5  009.26  30.238  1023.781  1470.58 
2024 06 27 17 09 39.51  30.518  06.456  0008.94  02.27  08.10  274.5  009.26  30.271  1023.805  1470.74 
2024 06 27 17 09 39.76  30.531  06.466  0009.32  02.41  08.10  274.5  009.26  30.276  1023.810  1470.80 
2024 06 27 17 09 40.01  30.541  06.475  0009.69  02.46  08.11  274.5  009.26  30.280  1023.813  1470.84 
2024 06 27 17 09 40.26  30.550  06.480  0010.08  02.34  08.11  274.5  009.26  30.286  1023.819  1470.88 
2024 06 27 17 09 40.51  30.562  06.495  0010.40  02.24  08.11  274.5  009.26  30.285  1023.818  1470.94 
2024 06 27 17 09 40.76  30.602  06.529  0010.77  02.35  08.22  274.5  009.26  30.298  1023.826  1471.10 
2024 06 27 17 09 41.01  30.624  06.544  0011.13  02.32  08.23  274.5  009.26  30.309  1023.834  1471.17 
2024 06 27 17 09 41.26  30.625  06.543  0011.50  02.25  08.22  274.5  009.26  30.310  1023.837  1471.18 
2024 06 27 17 09 41.51  30.656  06.574  0011.87  02.15  08.21  274.5  009.26  30.317  1023.841  1471.32 
2024 06 27 17 09 41.76  30.690  06.601  0012.25  02.18  08.09  271.3  009.26  30.330  1023.849  1471.44 
2024 06 27 17 09 42.01  30.680  06.592  0012.66  02.12  08.11  271.3  009.26  30.327  1023.850  1471.41 
2024 06 27 17 09 42.26  30.704  06.622  0013.06  02.12  08.11  271.3  009.26  30.327  1023.848  1471.54 
2024 06 27 17 09 42.51  30.747  06.653  0013.42  02.07  08.12  271.3  009.26  30.345  1023.860  1471.69 
2024 06 27 17 09 42.76  30.804  06.711  0013.85  02.00  08.13  271.3  009.26  30.356  1023.863  1471.94 
2024 06 27 17 09 43.01  30.882  06.773  0014.23  01.93  08.13  271.3  009.26  30.386  1023.881  1472.23 
2024 06 27 17 09 43.26  30.900  06.793  0014.60  01.86  08.13  271.3  009.26  30.388  1023.882  1472.31 
2024 06 27 17 09 43.51  30.948  06.831  0015.02  01.78  08.15  271.3  009.26  30.406  1023.893  1472.49 
2024 06 27 17 09 43.76  31.035  06.906  0015.41  01.79  08.26  271.3  009.26  30.434  1023.907  1472.83 
2024 06 27 17 09 44.01  31.077  06.948  0015.81  01.68  08.24  271.3  009.26  30.442  1023.910  1473.01 
2024 06 27 17 09 44.26  31.033  06.902  0016.24  01.52  08.23  271.3  009.26  30.435  1023.912  1472.83 
2024 06 27 17 09 44.51  31.094  06.958  0016.62  01.57  08.22  271.3  009.26  30.451  1023.920  1473.08 
2024 06 27 17 09 44.76  31.103  06.969  0017.01  01.50  08.09  270.9  009.26  30.451  1023.920  1473.12 
2024 06 27 17 09 45.01  31.099  06.959  0017.43  01.52  08.11  270.9  009.26  30.455  1023.927  1473.10 
2024 06 27 17 09 45.26  31.081  06.944  0017.77  01.47  08.12  270.9  009.26  30.449  1023.925  1473.03 
2024 06 27 17 09 45.51  31.087  06.953  0018.22  01.54  08.11  270.9  009.26  30.447  1023.925  1473.08 
2024 06 27 17 09 45.76  31.108  06.975  0018.60  01.53  08.13  270.9  009.26  30.450  1023.926  1473.17 
2024 06 27 17 09 46.01  31.117  06.978  0018.99  01.54  08.13  270.9  009.26  30.458  1023.934  1473.20 
2024 06 27 17 09 46.26  31.135  06.995  0019.38  01.51  08.13  270.9  009.26  30.462  1023.936  1473.28 
2024 06 27 17 09 46.51  31.160  07.006  0019.78  01.47  08.13  270.9  009.26  30.479  1023.950  1473.35 
2024 06 27 17 09 46.76  31.150  07.012  0020.18  01.47  08.22  270.9  009.26  30.463  1023.938  1473.36 
2024 06 27 17 09 47.01  31.186  07.038  0020.55  01.40  08.22  270.9  009.26  30.478  1023.949  1473.48 
2024 06 27 17 09 47.26  31.185  07.035  0020.96  01.45  08.22  270.9  009.26  30.479  1023.952  1473.48 
2024 06 27 17 09 47.51  31.198  07.049  0021.37  01.35  08.22  270.9  009.26  30.482  1023.954  1473.55 
2024 06 27 17 09 47.76  31.205  07.051  0021.73  01.35  08.10  267.2  009.26  30.486  1023.959  1473.57 
2024 06 27 17 09 48.01  31.213  07.060  0022.14  01.40  08.10  267.2  009.26  30.487  1023.961  1473.61 
2024 06 27 17 09 48.26  31.212  07.059  0022.54  01.42  08.11  267.2  009.26  30.487  1023.962  1473.61 
2024 06 27 17 09 48.51  31.230  07.076  0022.90  01.40  08.12  267.2  009.26  30.492  1023.965  1473.69 
2024 06 27 17 09 48.76  31.250  07.093  0023.30  01.44  08.14  267.2  009.26  30.498  1023.970  1473.77 
2024 06 27 17 09 49.01  31.237  07.080  0023.68  01.40  08.12  267.2  009.26  30.495  1023.971  1473.72 
2024 06 27 17 09 49.26  31.286  07.126  0024.06  01.72  08.13  267.2  009.26  30.507  1023.976  1473.92 
2024 06 27 17 09 49.51  31.388  07.221  0024.47  01.42  08.13  267.2  009.26  30.532  1023.986  1474.33 
2024 06 27 17 09 49.76  31.426  07.247  0024.86  01.27  08.21  267.2  009.26  30.550  1023.998  1474.46 
2024 06 27 17 09 50.01  31.438  07.259  0025.27  01.15  08.24  267.2  009.26  30.552  1024.000  1474.52 
2024 06 27 17 09 50.26  31.463  07.283  0025.63  01.04  08.21  267.2  009.26  30.558  1024.003  1474.62 
2024 06 27 17 09 50.51  31.460  07.275  0026.06  01.01  08.20  267.2  009.26  30.562  1024.009  1474.60 
2024 06 27 17 09 50.76  31.471  07.289  0026.44  01.02  08.08  266.5  009.26  30.561  1024.008  1474.66 
2024 06 27 17 09 51.01  31.482  07.295  0026.82  01.02  08.11  266.5  009.26  30.567  1024.014  1474.70 
2024 06 27 17 09 51.26  31.479  07.291  0027.23  01.09  08.10  266.5  009.26  30.568  1024.017  1474.69 
2024 06 27 17 09 51.51  31.484  07.296  0027.63  01.07  08.12  266.5  009.26  30.568  1024.019  1474.72 
2024 06 27 17 09 51.76  31.483  07.294  0027.99  01.04  08.12  266.5  009.26  30.569  1024.021  1474.72 
2024 06 27 17 09 52.01  31.486  07.297  0028.42  01.03  08.13  266.5  009.26  30.569  1024.023  1474.74 
2024 06 27 17 09 52.26  31.487  07.296  0028.79  01.03  08.12  266.5  009.26  30.571  1024.026  1474.74 
2024 06 27 17 09 52.51  31.484  07.293  0029.20  00.99  08.13  266.5  009.26  30.570  1024.028  1474.74 
2024 06 27 17 09 52.76  31.490  07.296  0029.59  00.97  08.21  266.5  009.26  30.573  1024.031  1474.76 
2024 06 27 17 09 53.01  31.505  07.311  0029.97  00.97  08.22  266.5  009.26  30.577  1024.034  1474.82 
2024 06 27 17 09 53.26  31.610  07.414  0030.36  01.00  08.20  266.5  009.26  30.598  1024.039  1475.26 
2024 06 27 17 09 53.51  31.636  07.425  0030.77  00.97  08.19  266.5  009.26  30.616  1024.053  1475.33 
2024 06 27 17 09 53.76  31.673  07.463  0031.14  00.90  08.09  262.7  009.26  30.622  1024.055  1475.49 
2024 06 27 17 09 54.01  31.648  07.441  0031.53  00.77  08.10  262.7  009.26  30.614  1024.053  1475.40 
2024 06 27 17 09 54.26  31.587  07.387  0031.90  00.81  08.24  262.7  009.26  30.596  1024.048  1475.18 
2024 06 27 17 09 54.51  31.621  07.410  0032.32  00.83  08.13  262.7  009.26  30.612  1024.060  1475.29 
2024 06 27 17 09 54.76  31.663  07.454  0032.73  00.90  08.22  262.7  009.26  30.619  1024.061  1475.48 
2024 06 27 17 09 55.01  31.689  07.474  0033.10  00.85  08.10  262.7  009.26  30.628  1024.067  1475.57 
2024 06 27 17 09 55.26  31.711  07.493  0033.52  00.77  08.23  262.7  009.26  30.635  1024.072  1475.66 
2024 06 27 17 09 55.51  31.736  07.519  0033.94  00.74  08.12  262.7  009.26  30.638  1024.073  1475.77 
2024 06 27 17 09 55.76  31.737  07.519  0034.32  00.67  08.21  262.7  009.26  30.640  1024.076  1475.78 
2024 06 27 17 09 56.01  31.729  07.509  0034.72  00.61  08.29  262.7  009.26  30.640  1024.079  1475.75 
2024 06 27 17 09 56.26  31.738  07.519  0035.11  00.64  08.28  262.7  009.26  30.640  1024.080  1475.79 
2024 06 27 17 09 56.51  31.749  07.528  0035.51  00.64  08.17  262.7  009.26  30.644  1024.083  1475.84 
2024 06 27 17 09 56.76  31.756  07.534  0035.89  00.61  08.13  260.1  009.26  30.646  1024.086  1475.87 
2024 06 27 17 09 57.01  31.818  07.593  0036.27  00.63  08.18  260.1  009.26  30.660  1024.090  1476.12 
2024 06 27 17 09 57.26  31.823  07.595  0036.65  00.55  08.17  260.1  009.26  30.663  1024.095  1476.14 
2024 06 27 17 09 57.51  31.826  07.597  0037.03  00.60  08.15  260.1  009.26  30.664  1024.097  1476.15 
2024 06 27 17 09 57.76  31.824  07.596  0037.41  00.58  08.18  260.1  009.26  30.663  1024.097  1476.16 
2024 06 27 17 09 58.01  31.826  07.596  0037.78  00.55  08.08  260.1  009.26  30.664  1024.100  1476.17 
2024 06 27 17 09 58.26  31.823  07.596  0038.12  00.53  08.12  260.1  009.26  30.662  1024.100  1476.17 
2024 06 27 17 09 58.51  31.825  07.595  0038.49  00.54  08.19  260.1  009.26  30.664  1024.104  1476.17 
2024 06 27 17 09 58.76  31.823  07.594  0038.79  00.59  08.21  260.1  009.26  30.664  1024.105  1476.17 
2024 06 27 17 09 59.01  31.822  07.595  0039.16  00.63  08.24  260.1  009.26  30.661  1024.104  1476.18 
2024 06 27 17 09 59.26  31.823  07.595  0039.52  00.60  08.24  260.1  009.26  30.663  1024.107  1476.18 
2024 06 27 17 09 59.51  31.820  07.591  0039.84  00.54  08.22  260.1  009.26  30.662  1024.109  1476.17 
2024 06 27 17 09 59.76  31.822  07.592  0040.21  00.49  08.12  257.2  009.26  30.663  1024.111  1476.19 
2024 06 27 17 10 00.01  31.820  07.591  0040.58  00.55  08.14  257.2  009.26  30.662  1024.112  1476.19 
2024 06 27 17 10 00.26  31.825  07.594  0040.86  00.63  08.15  257.2  009.26  30.664  1024.115  1476.21 
2024 06 27 17 10 00.51  31.851  07.618  0041.06  00.61  08.15  257.2  009.26  30.671  1024.118  1476.31 
2024 06 27 17 10 00.76  31.853  07.622  0041.21  00.56  08.18  257.2  009.26  30.670  1024.117  1476.33 
2024 06 27 17 10 01.01  31.852  07.622  0041.26  00.58  08.10  257.2  009.26  30.668  1024.116  1476.33 
2024 06 27 17 10 01.26  31.850  07.614  0041.25  00.58  08.18  257.2  009.26  30.673  1024.121  1476.30 
2024 06 27 17 10 01.51  31.852  07.617  0041.22  00.59  08.19  257.2  009.26  30.672  1024.120  1476.31 
2024 06 27 17 10 01.76  31.852  07.619  0041.25  00.51  08.26  257.2  009.26  30.671  1024.118  1476.32 
2024 06 27 17 10 02.01  31.853  07.617  0041.26  00.57  08.22  257.2  009.26  30.674  1024.121  1476.31 
2024 06 27 17 10 02.26  31.853  07.621  0041.26  00.62  08.21  257.2  009.26  30.671  1024.118  1476.33 
2024 06 27 17 10 02.51  31.853  07.621  0041.29  00.64  08.18  257.2  009.26  30.671  1024.118  1476.33 
2024 06 27 17 10 02.76  31.854  07.619  0041.30  00.64  08.09  256.7  009.26  30.673  1024.120  1476.32 
2024 06 27 17 10 03.01  31.855  07.623  0041.35  00.62  08.12  256.7  009.26  30.671  1024.118  1476.33 
2024 06 27 17 10 03.26  31.852  07.620  0041.39  00.64  08.12  256.7  009.26  30.670  1024.118  1476.32 
2024 06 27 17 10 03.51  31.853  07.623  0041.41  00.60  08.12  256.7  009.26  30.668  1024.116  1476.33 
2024 06 27 17 10 03.76  31.849  07.622  0041.37  00.58  08.12  256.7  009.26  30.665  1024.114  1476.32 
2024 06 27 17 10 04.01  31.853  07.623  0041.39  00.59  08.13  256.7  009.26  30.669  1024.117  1476.33 
2024 06 27 17 10 04.26  31.853  07.621  0041.43  00.57  08.13  256.7  009.26  30.671  1024.119  1476.33 
2024 06 27 17 10 04.51  31.853  07.622  0041.47  00.63  08.09  256.7  009.26  30.669  1024.118  1476.33 
2024 06 27 17 10 04.76  31.851  07.621  0041.49  00.63  08.22  256.7  009.26  30.668  1024.117  1476.33 
2024 06 27 17 10 05.01  31.850  07.623  0041.52  00.63  08.23  256.7  009.26  30.665  1024.115  1476.33 
2024 06 27 17 10 05.26  31.849  07.618  0041.48  00.57  08.22  256.7  009.26  30.669  1024.118  1476.32 
2024 06 27 17 10 05.51  31.852  07.619  0041.43  00.61  08.21  256.7  009.26  30.671  1024.119  1476.32 
2024 06 27 17 10 05.76  31.850  07.615  0041.44  00.55  08.10  256.8  009.26  30.673  1024.121  1476.31 
2024 06 27 17 10 06.01  31.853  07.617  0041.45  00.55  08.11  256.8  009.26  30.674  1024.122  1476.32 
2024 06 27 17 10 06.26  31.848  07.614  0041.49  00.64  08.12  256.8  009.26  30.671  1024.120  1476.30 
2024 06 27 17 10 06.51  31.849  07.618  0041.51  00.65  08.11  256.8  009.26  30.669  1024.118  1476.32 
2024 06 27 17 10 06.76  31.848  07.617  0041.51  00.57  08.08  256.8  009.26  30.668  1024.117  1476.31 
2024 06 27 17 10 07.01  31.850  07.620  0041.53  00.62  08.08  256.8  009.26  30.668  1024.117  1476.32 
2024 06 27 17 10 07.26  31.848  07.613  0041.50  00.62  08.12  256.8  009.26  30.671  1024.121  1476.30 
2024 06 27 17 10 07.51  31.848  07.620  0041.53  00.62  08.11  256.8  009.26  30.665  1024.115  1476.32 
2024 06 27 17 10 07.76  31.849  07.623  0041.53  00.52  08.21  256.8  009.26  30.663  1024.113  1476.33 
2024 06 27 17 10 08.01  31.849  07.622  0041.57  00.59  08.19  256.8  009.26  30.665  1024.115  1476.33 
2024 06 27 17 10 08.26  31.854  07.622  0041.59  00.58  08.18  256.8  009.26  30.670  1024.119  1476.33 
2024 06 27 17 10 08.51  31.850  07.624  0041.61  00.60  08.18  256.8  009.26  30.665  1024.115  1476.33 
2024 06 27 17 10 08.76  31.854  07.621  0041.59  00.62  08.06  257.4  009.26  30.671  1024.120  1476.33 
2024 06 27 17 10 09.01  31.854  07.623  0041.60  00.59  08.08  257.4  009.26  30.670  1024.118  1476.34 
2024 06 27 17 10 09.26  31.853  07.624  0041.64  00.58  08.08  257.4  009.26  30.668  1024.117  1476.34 
2024 06 27 17 10 09.51  31.855  07.625  0041.64  00.57  08.08  257.4  009.26  30.669  1024.118  1476.34 
2024 06 27 17 10 09.76  31.856  07.625  0041.68  00.62  08.09  257.4  009.26  30.669  1024.118  1476.35 
2024 06 27 17 10 10.01  31.854  07.624  0041.68  00.59  08.09  257.4  009.26  30.668  1024.118  1476.34 
2024 06 27 17 10 10.26  31.855  07.622  0041.69  00.58  08.11  257.4  009.26  30.671  1024.120  1476.34 
2024 06 27 17 10 10.51  31.854  07.623  0041.71  00.57  08.11  257.4  009.26  30.669  1024.119  1476.34 
2024 06 27 17 10 10.76  31.855  07.625  0041.70  00.59  08.21  257.4  009.26  30.668  1024.118  1476.35 
2024 06 27 17 10 11.01  31.854  07.625  0041.73  00.57  08.19  257.4  009.26  30.668  1024.118  1476.34 
2024 06 27 17 10 11.26  31.857  07.625  0041.77  00.60  08.18  257.4  009.26  30.671  1024.120  1476.35 
2024 06 27 17 10 11.51  31.855  07.625  0041.77  00.55  08.18  257.4  009.26  30.669  1024.118  1476.35 
2024 06 27 17 10 11.76  31.854  07.623  0041.76  00.54  07.98  257.4  009.26  30.669  1024.119  1476.34 
2024 06 27 17 10 12.01  31.854  07.626  0041.79  00.59  08.08  257.4  009.26  30.667  1024.117  1476.35 
2024 06 27 17 10 12.26  31.855  07.628  0041.79  00.53  08.08  257.4  009.26  30.666  1024.116  1476.35 
2024 06 27 17 10 12.51  31.856  07.625  0041.78  00.58  08.08  257.4  009.26  30.670  1024.119  1476.35 
2024 06 27 17 10 12.76  31.854  07.627  0041.81  00.56  08.09  257.4  009.26  30.666  1024.116  1476.35 
2024 06 27 17 10 13.01  31.853  07.629  0041.84  00.55  08.09  257.4  009.26  30.663  1024.114  1476.36 
2024 06 27 17 10 13.26  31.856  07.630  0041.85  00.54  08.09  257.4  009.26  30.665  1024.115  1476.36 
2024 06 27 17 10 13.51  31.857  07.631  0041.85  00.59  08.09  257.4  009.26  30.666  1024.116  1476.37 
2024 06 27 17 10 13.76  31.859  07.631  0041.89  00.57  08.19  257.4  009.26  30.667  1024.117  1476.37 
2024 06 27 17 10 14.01  31.861  07.632  0041.93  00.60  08.16  257.4  009.26  30.670  1024.119  1476.38 
2024 06 27 17 10 14.26  31.861  07.632  0041.92  00.67  08.19  257.4  009.26  30.668  1024.117  1476.38 
2024 06 27 17 10 14.51  31.858  07.631  0041.93  00.62  08.18  257.4  009.26  30.666  1024.116  1476.37 
2024 06 27 17 10 14.76  31.862  07.631  0042.00  00.56  08.07  257.6  009.26  30.671  1024.120  1476.38 
2024 06 27 17 10 15.01  31.859  07.630  0042.06  00.52  08.08  257.6  009.26  30.668  1024.119  1476.37 
2024 06 27 17 10 15.26  31.861  07.634  0042.12  00.50  08.10  257.6  009.26  30.666  1024.117  1476.38 
2024 06 27 17 10 15.51  31.861  07.634  0042.12  00.52  08.08  257.6  009.26  30.667  1024.118  1476.39 
2024 06 27 17 10 15.76  31.863  07.627  0042.12  00.50  08.11  257.6  009.26  30.675  1024.125  1476.37 
2024 06 27 17 10 16.01  31.862  07.627  0042.09  00.54  08.14  257.6  009.26  30.675  1024.124  1476.37 
2024 06 27 17 10 16.26  31.861  07.627  0042.07  00.54  08.11  257.6  009.26  30.672  1024.122  1476.37 
2024 06 27 17 10 16.51  31.864  07.628  0042.04  00.55  08.11  257.6  009.26  30.675  1024.124  1476.37 
2024 06 27 17 10 16.76  31.862  07.628  0042.00  00.53  08.22  257.6  009.26  30.674  1024.123  1476.37 
2024 06 27 17 10 17.01  31.862  07.626  0041.96  00.63  08.21  257.6  009.26  30.675  1024.124  1476.36 
2024 06 27 17 10 17.26  31.864  07.630  0041.99  00.59  08.09  257.6  009.26  30.674  1024.122  1476.37 
2024 06 27 17 10 17.51  31.865  07.631  0042.01  00.57  08.19  257.6  009.26  30.673  1024.122  1476.38 
2024 06 27 17 10 17.76  31.861  07.629  0042.00  00.57  08.07  257.7  009.26  30.671  1024.121  1476.37 
2024 06 27 17 10 18.01  31.865  07.630  0041.93  00.52  08.09  257.7  009.26  30.674  1024.122  1476.38 
2024 06 27 17 10 18.26  31.861  07.628  0041.82  00.50  08.09  257.7  009.26  30.673  1024.121  1476.36 
2024 06 27 17 10 18.51  31.861  07.626  0041.69  00.48  08.10  257.7  009.26  30.674  1024.122  1476.36 
2024 06 27 17 10 18.76  31.859  07.626  0041.69  00.53  08.10  257.7  009.26  30.672  1024.120  1476.35 
2024 06 27 17 10 19.01  31.865  07.631  0041.68  00.48  08.10  257.7  009.26  30.673  1024.121  1476.37 
2024 06 27 17 10 19.26  31.865  07.629  0041.49  00.51  08.10  257.7  009.26  30.675  1024.122  1476.37 
2024 06 27 17 10 19.51  31.858  07.625  0041.19  00.47  08.03  257.7  009.26  30.673  1024.119  1476.34 
2024 06 27 17 10 19.76  31.857  07.626  0041.04  00.47  08.15  257.7  009.26  30.671  1024.116  1476.34 
2024 06 27 17 10 20.01  31.858  07.625  0041.00  00.49  08.12  257.7  009.26  30.672  1024.117  1476.34 
2024 06 27 17 10 20.26  31.857  07.625  0040.95  00.52  08.12  257.7  009.26  30.671  1024.116  1476.34 
2024 06 27 17 10 20.51  31.857  07.624  0040.86  00.61  08.12  257.7  009.26  30.671  1024.116  1476.33 
2024 06 27 17 10 20.76  31.857  07.625  0040.84  00.50  08.01  258.1  009.26  30.672  1024.116  1476.33 
2024 06 27 17 10 21.01  31.862  07.629  0040.82  00.48  08.04  258.1  009.26  30.673  1024.117  1476.35 
2024 06 27 17 10 21.26  31.859  07.624  0040.56  00.54  08.07  258.1  009.26  30.674  1024.117  1476.33 
2024 06 27 17 10 21.51  31.849  07.616  0040.32  00.55  08.05  258.1  009.26  30.670  1024.114  1476.29 
2024 06 27 17 10 21.76  31.841  07.610  0040.10  00.52  08.08  258.1  009.26  30.667  1024.111  1476.26 
2024 06 27 17 10 22.01  31.835  07.606  0039.87  00.57  08.08  258.1  009.26  30.665  1024.109  1476.24 
2024 06 27 17 10 22.26  31.831  07.601  0039.65  00.58  08.08  258.1  009.26  30.665  1024.109  1476.22 
2024 06 27 17 10 22.51  31.825  07.596  0039.35  00.52  08.07  258.1  009.26  30.663  1024.107  1476.19 
2024 06 27 17 10 22.76  31.825  07.596  0039.13  00.49  08.20  258.1  009.26  30.663  1024.105  1476.19 
2024 06 27 17 10 23.01  31.825  07.593  0038.85  00.63  08.20  258.1  009.26  30.666  1024.107  1476.17 
2024 06 27 17 10 23.26  31.820  07.592  0038.57  00.62  08.19  258.1  009.26  30.662  1024.103  1476.16 
2024 06 27 17 10 23.51  31.818  07.591  0038.35  00.52  08.14  258.1  009.26  30.661  1024.101  1476.15 
2024 06 27 17 10 23.76  31.818  07.591  0038.12  00.52  08.07  258.1  009.26  30.661  1024.100  1476.15 
2024 06 27 17 10 24.01  31.820  07.592  0037.88  00.50  08.09  258.1  009.26  30.662  1024.100  1476.15 
2024 06 27 17 10 24.26  31.818  07.592  0037.62  00.53  08.07  258.1  009.26  30.661  1024.098  1476.14 
2024 06 27 17 10 24.51  31.819  07.593  0037.37  00.51  08.10  258.1  009.26  30.661  1024.096  1476.14 
2024 06 27 17 10 24.76  31.819  07.591  0037.10  00.48  08.10  258.1  009.26  30.663  1024.097  1476.13 
2024 06 27 17 10 25.01  31.815  07.592  0036.83  00.51  08.13  258.1  009.26  30.658  1024.091  1476.12 
2024 06 27 17 10 25.26  31.820  07.593  0036.53  00.52  08.07  258.1  009.26  30.662  1024.093  1476.13 
2024 06 27 17 10 25.51  31.814  07.585  0036.33  00.65  08.07  258.1  009.26  30.662  1024.093  1476.10 
2024 06 27 17 10 25.76  31.795  07.574  0036.12  00.65  08.12  258.1  009.26  30.652  1024.086  1476.04 
2024 06 27 17 10 26.01  31.798  07.569  0035.95  00.55  08.07  258.1  009.26  30.659  1024.092  1476.03 
2024 06 27 17 10 26.26  31.779  07.560  0035.73  00.52  08.20  258.1  009.26  30.648  1024.083  1475.97 
2024 06 27 17 10 26.51  31.767  07.551  0035.46  00.65  07.99  258.1  009.26  30.643  1024.079  1475.93 
2024 06 27 17 10 26.76  31.728  07.507  0035.11  00.69  08.01  257.3  009.26  30.641  1024.082  1475.75 
2024 06 27 17 10 27.01  31.708  07.495  0034.76  00.73  08.09  257.3  009.26  30.630  1024.073  1475.68 
2024 06 27 17 10 27.26  31.705  07.482  0034.40  00.77  07.92  257.3  009.26  30.637  1024.079  1475.64 
2024 06 27 17 10 27.51  31.698  07.481  0034.07  00.74  07.99  257.3  009.26  30.632  1024.073  1475.62 
2024 06 27 17 10 27.76  31.694  07.476  0033.76  00.74  08.08  257.3  009.26  30.632  1024.073  1475.60 
2024 06 27 17 10 28.01  31.690  07.475  0033.51  00.72  07.98  257.3  009.26  30.629  1024.069  1475.58 
2024 06 27 17 10 28.26  31.692  07.475  0033.24  00.70  08.11  257.3  009.26  30.630  1024.069  1475.58 
2024 06 27 17 10 28.51  31.691  07.475  0032.98  00.73  07.98  257.3  009.26  30.630  1024.068  1475.58 
2024 06 27 17 10 28.76  31.689  07.474  0032.75  00.76  08.17  257.3  009.26  30.628  1024.066  1475.57 
2024 06 27 17 10 29.01  31.690  07.475  0032.43  00.74  08.23  257.3  009.26  30.629  1024.065  1475.57 
2024 06 27 17 10 29.26  31.690  07.474  0032.19  00.69  08.11  257.3  009.26  30.630  1024.065  1475.56 
2024 06 27 17 10 29.51  31.686  07.469  0031.93  00.75  08.15  257.3  009.26  30.630  1024.063  1475.54 
2024 06 27 17 10 29.76  31.685  07.470  0031.68  00.77  08.14  258.4  009.26  30.628  1024.061  1475.53 
2024 06 27 17 10 30.01  31.683  07.470  0031.39  00.71  08.03  258.4  009.26  30.627  1024.058  1475.53 
2024 06 27 17 10 30.26  31.682  07.469  0031.11  00.70  08.14  258.4  009.26  30.626  1024.057  1475.52 
2024 06 27 17 10 30.51  31.684  07.469  0030.84  00.67  08.03  258.4  009.26  30.629  1024.058  1475.52 
2024 06 27 17 10 30.76  31.685  07.470  0030.59  00.76  08.18  258.4  009.26  30.628  1024.056  1475.52 
2024 06 27 17 10 31.01  31.685  07.471  0030.33  00.77  07.97  258.4  009.26  30.627  1024.054  1475.52 
2024 06 27 17 10 31.26  31.682  07.470  0030.08  00.71  08.17  258.4  009.26  30.626  1024.052  1475.51 
2024 06 27 17 10 31.51  31.681  07.469  0029.81  00.71  07.99  258.4  009.26  30.625  1024.050  1475.50 
2024 06 27 17 10 31.76  31.646  07.439  0029.53  00.83  08.23  258.4  009.26  30.615  1024.045  1475.36 
2024 06 27 17 10 32.01  31.640  07.444  0029.30  00.74  08.11  258.4  009.23  30.605  1024.035  1475.36 
2024 06 27 17 10 32.26  31.621  07.418  0029.03  00.84  08.22  258.4  009.26  30.607  1024.039  1475.26 
2024 06 27 17 10 32.51  31.590  07.390  0028.79  00.91  08.10  258.4  009.26  30.598  1024.035  1475.14 
2024 06 27 17 10 32.76  31.580  07.369  0028.59  00.94  08.13  258.3  009.26  30.606  1024.043  1475.07 
2024 06 27 17 10 33.01  31.551  07.347  0028.26  00.98  07.98  258.3  009.26  30.595  1024.036  1474.96 
2024 06 27 17 10 33.26  31.535  07.336  0028.06  00.99  08.15  258.3  009.26  30.587  1024.030  1474.91 
2024 06 27 17 10 33.51  31.522  07.324  0027.79  00.98  07.97  258.3  009.26  30.584  1024.028  1474.85 
2024 06 27 17 10 33.76  31.505  07.319  0027.54  01.00  08.07  258.3  009.26  30.571  1024.017  1474.81 
2024 06 27 17 10 34.01  31.496  07.300  0027.32  01.03  08.16  258.3  009.26  30.578  1024.024  1474.74 
2024 06 27 17 10 34.26  31.482  07.294  0027.06  00.99  08.00  258.3  009.26  30.567  1024.015  1474.70 
2024 06 27 17 10 34.51  31.480  07.290  0026.84  01.01  08.17  258.3  009.26  30.570  1024.017  1474.68 
2024 06 27 17 10 34.76  31.477  07.290  0026.60  01.08  08.10  258.3  009.26  30.567  1024.013  1474.68 
2024 06 27 17 10 35.01  31.474  07.287  0026.39  01.04  08.20  258.3  009.26  30.566  1024.012  1474.66 
2024 06 27 17 10 35.26  31.468  07.283  0026.17  01.00  08.20  258.3  009.26  30.564  1024.010  1474.64 
2024 06 27 17 10 35.51  31.467  07.281  0025.89  01.09  08.02  258.3  009.26  30.564  1024.009  1474.63 
2024 06 27 17 10 35.76  31.467  07.282  0025.64  01.03  08.09  260.4  009.26  30.563  1024.007  1474.62 
2024 06 27 17 10 36.01  31.468  07.283  0025.42  01.03  08.00  260.4  009.29  30.564  1024.007  1474.63 
2024 06 27 17 10 36.26  31.468  07.285  0025.11  01.09  07.99  260.4  009.26  30.562  1024.004  1474.63 
2024 06 27 17 10 36.51  31.468  07.282  0024.87  01.06  08.09  260.4  009.26  30.564  1024.005  1474.62 
2024 06 27 17 10 36.76  31.463  07.280  0024.61  01.03  08.10  260.4  009.26  30.560  1024.000  1474.60 
2024 06 27 17 10 37.01  31.451  07.272  0024.36  01.10  07.98  260.4  009.26  30.555  1023.997  1474.55 
2024 06 27 17 10 37.26  31.447  07.263  0024.13  01.11  08.00  260.4  009.26  30.560  1024.000  1474.52 
2024 06 27 17 10 37.51  31.442  07.260  0023.90  01.12  08.15  260.4  009.26  30.556  1023.997  1474.50 
2024 06 27 17 10 37.76  31.435  07.256  0023.68  01.08  08.24  260.4  009.26  30.553  1023.993  1474.48 
2024 06 27 17 10 38.01  31.428  07.248  0023.45  01.02  08.10  260.4  009.26  30.551  1023.992  1474.44 
2024 06 27 17 10 38.26  31.424  07.247  0023.18  01.09  08.08  260.4  009.26  30.549  1023.990  1474.43 
2024 06 27 17 10 38.51  31.421  07.243  0023.00  01.08  08.16  260.4  009.26  30.549  1023.989  1474.42 
2024 06 27 17 10 38.76  31.416  07.237  0022.76  01.13  08.12  261.8  009.26  30.550  1023.989  1474.39 
2024 06 27 17 10 39.01  31.408  07.226  0022.46  01.11  08.07  261.8  009.26  30.551  1023.991  1474.34 
2024 06 27 17 10 39.26  31.393  07.217  0022.24  01.09  08.03  261.8  009.26  30.542  1023.983  1474.29 
2024 06 27 17 10 39.51  31.379  07.197  0022.10  01.23  07.97  261.8  009.26  30.545  1023.988  1474.22 
2024 06 27 17 10 39.76  31.370  07.197  0021.96  01.22  07.99  261.8  009.26  30.536  1023.980  1474.20 
2024 06 27 17 10 40.01  31.366  07.196  0021.82  01.21  08.15  261.8  009.26  30.533  1023.977  1474.19 
2024 06 27 17 10 40.26  31.360  07.191  0021.56  01.32  08.15  261.8  009.26  30.530  1023.975  1474.16 
2024 06 27 17 10 40.51  31.338  07.175  0021.33  01.25  07.99  261.8  009.26  30.522  1023.969  1474.09 
2024 06 27 17 10 40.76  31.308  07.144  0021.11  01.29  08.06  261.8  009.26  30.516  1023.968  1473.96 
2024 06 27 17 10 41.01  31.306  07.140  0020.88  01.30  08.18  261.8  009.26  30.517  1023.968  1473.94 
2024 06 27 17 10 41.26  31.302  07.136  0020.65  01.24  08.21  261.8  009.26  30.516  1023.966  1473.92 
2024 06 27 17 10 41.51  31.291  07.129  0020.43  01.46  08.19  261.8  009.26  30.511  1023.963  1473.88 
2024 06 27 17 10 41.76  31.286  07.123  0020.21  01.35  08.12  263.0  009.26  30.512  1023.963  1473.85 
2024 06 27 17 10 42.01  31.276  07.114  0019.98  01.42  08.13  263.0  009.26  30.508  1023.960  1473.81 
2024 06 27 17 10 42.26  31.268  07.112  0019.79  01.57  08.14  263.0  009.26  30.501  1023.954  1473.79 
2024 06 27 17 10 42.51  31.254  07.093  0019.55  01.38  08.14  263.0  009.26  30.503  1023.957  1473.72 
2024 06 27 17 10 42.76  31.243  07.087  0019.28  01.42  08.12  263.0  009.26  30.497  1023.951  1473.68 
2024 06 27 17 10 43.01  31.237  07.082  0019.04  01.56  08.11  263.0  009.26  30.495  1023.949  1473.65 
2024 06 27 17 10 43.26  31.235  07.080  0018.85  01.49  08.01  263.0  009.26  30.495  1023.949  1473.64 
2024 06 27 17 10 43.51  31.230  07.079  0018.58  01.38  07.98  263.0  009.26  30.491  1023.944  1473.63 
2024 06 27 17 10 43.76  31.230  07.078  0018.39  01.32  08.06  263.0  009.26  30.491  1023.944  1473.63 
2024 06 27 17 10 44.01  31.217  07.065  0018.17  01.39  08.17  263.0  009.26  30.490  1023.943  1473.57 
2024 06 27 17 10 44.26  31.216  07.065  0017.92  01.42  08.21  263.0  009.26  30.488  1023.941  1473.56 
2024 06 27 17 10 44.51  31.213  07.062  0017.70  01.38  08.21  263.0  009.26  30.488  1023.940  1473.55 
2024 06 27 17 10 44.76  31.211  07.062  0017.46  01.42  08.12  264.6  009.26  30.486  1023.937  1473.54 
2024 06 27 17 10 45.01  31.212  07.062  0017.18  01.33  08.03  264.6  009.26  30.487  1023.937  1473.53 
2024 06 27 17 10 45.26  31.213  07.064  0016.95  01.29  07.96  264.6  009.26  30.487  1023.935  1473.54 
2024 06 27 17 10 45.51  31.213  07.065  0016.74  01.39  08.02  264.6  009.26  30.485  1023.933  1473.54 
2024 06 27 17 10 45.76  31.215  07.065  0016.55  01.32  08.13  264.6  009.26  30.487  1023.934  1473.54 
2024 06 27 17 10 46.01  31.210  07.065  0016.42  01.39  08.12  264.6  009.26  30.483  1023.930  1473.53 
2024 06 27 17 10 46.26  31.209  07.062  0016.35  01.32  07.96  264.6  009.26  30.484  1023.931  1473.52 
2024 06 27 17 10 46.51  31.208  07.060  0016.33  01.48  07.98  264.6  009.26  30.484  1023.931  1473.51 
2024 06 27 17 10 46.76  31.205  07.059  0016.33  01.39  08.22  264.6  009.26  30.481  1023.929  1473.51 
2024 06 27 17 10 47.01  31.206  07.059  0016.35  01.31  08.16  264.6  009.26  30.483  1023.930  1473.51 
2024 06 27 17 10 47.26  31.206  07.061  0016.34  01.36  07.98  264.6  009.26  30.481  1023.928  1473.51 
2024 06 27 17 10 47.51  31.207  07.061  0016.32  01.32  08.10  264.6  009.26  30.483  1023.930  1473.51 
2024 06 27 17 10 47.76  31.210  07.064  0016.34  01.33  08.14  265.1  009.26  30.483  1023.930  1473.53 
2024 06 27 17 10 48.01  31.212  07.065  0016.36  01.38  08.07  265.1  009.26  30.484  1023.930  1473.53 
2024 06 27 17 10 48.26  31.214  07.065  0016.31  01.43  08.09  265.1  009.26  30.487  1023.933  1473.53 
2024 06 27 17 10 48.51  31.212  07.065  0016.33  01.48  08.14  265.1  009.26  30.484  1023.930  1473.53 
2024 06 27 17 10 48.76  31.216  07.065  0016.35  01.43  08.08  265.1  009.26  30.489  1023.934  1473.54 
2024 06 27 17 10 49.01  31.214  07.065  0016.34  01.40  08.08  265.1  009.26  30.487  1023.932  1473.53 
2024 06 27 17 10 49.26  31.214  07.065  0016.32  01.38  08.09  265.1  009.26  30.486  1023.932  1473.53 
2024 06 27 17 10 49.51  31.213  07.064  0016.34  01.51  07.95  265.1  009.26  30.487  1023.933  1473.53 
2024 06 27 17 10 49.76  31.213  07.066  0016.34  01.45  08.09  265.1  009.26  30.485  1023.931  1473.53 
2024 06 27 17 10 50.01  31.214  07.065  0016.34  01.36  08.10  265.1  009.26  30.487  1023.933  1473.53 
2024 06 27 17 10 50.26  31.216  07.066  0016.35  01.40  08.10  265.1  009.26  30.487  1023.933  1473.54 
2024 06 27 17 10 50.51  31.215  07.066  0016.37  01.52  08.06  265.1  009.26  30.487  1023.933  1473.54 
2024 06 27 17 10 50.76  31.215  07.067  0016.35  01.50  08.06  265.3  009.26  30.486  1023.932  1473.54 
2024 06 27 17 10 51.01  31.214  07.065  0016.39  01.54  08.07  265.3  009.26  30.487  1023.933  1473.54 
2024 06 27 17 10 51.26  31.217  07.066  0016.37  01.41  08.06  265.3  009.26  30.488  1023.934  1473.54 
2024 06 27 17 10 51.51  31.220  07.070  0016.37  01.42  08.05  265.3  009.26  30.488  1023.933  1473.56 
2024 06 27 17 10 51.76  31.219  07.069  0016.38  01.40  08.07  265.3  009.26  30.489  1023.934  1473.55 
2024 06 27 17 10 52.01  31.221  07.070  0016.34  01.44  08.06  265.3  009.26  30.490  1023.934  1473.56 
2024 06 27 17 10 52.26  31.219  07.072  0016.32  01.41  08.05  265.3  009.26  30.486  1023.931  1473.56 
2024 06 27 17 10 52.51  31.221  07.071  0016.15  01.30  08.05  265.3  009.26  30.489  1023.933  1473.56 
2024 06 27 17 10 52.76  31.221  07.070  0015.90  01.23  08.03  265.3  009.26  30.491  1023.933  1473.55 
2024 06 27 17 10 53.01  31.219  07.068  0015.71  01.22  08.05  265.3  009.26  30.490  1023.932  1473.54 
2024 06 27 17 10 53.26  31.221  07.072  0015.42  01.29  08.16  265.3  009.26  30.489  1023.929  1473.55 
2024 06 27 17 10 53.51  31.223  07.074  0015.15  01.35  08.14  265.3  009.26  30.489  1023.927  1473.55 
2024 06 27 17 10 53.76  31.227  07.077  0014.87  01.38  07.90  264.9  009.26  30.491  1023.927  1473.56 
2024 06 27 17 10 54.01  31.220  07.072  0014.59  01.28  07.94  264.9  009.26  30.487  1023.924  1473.53 
2024 06 27 17 10 54.26  31.216  07.067  0014.38  01.35  08.09  264.9  009.26  30.488  1023.924  1473.51 
2024 06 27 17 10 54.51  31.209  07.061  0014.26  01.39  08.02  264.9  009.26  30.485  1023.922  1473.48 
2024 06 27 17 10 54.76  31.175  07.047  0014.10  01.43  07.96  264.9  009.26  30.461  1023.905  1473.40 
2024 06 27 17 10 55.01  31.165  07.013  0013.92  01.45  07.98  264.9  009.26  30.481  1023.923  1473.28 
2024 06 27 17 10 55.26  31.128  06.990  0013.68  01.47  08.13  264.9  009.26  30.462  1023.910  1473.16 
2024 06 27 17 10 55.51  31.073  06.930  0013.37  01.56  08.06  264.9  009.26  30.454  1023.910  1472.92 
2024 06 27 17 10 55.76  31.055  06.924  0013.22  01.52  08.06  264.9  009.26  30.441  1023.900  1472.87 
2024 06 27 17 10 56.01  31.027  06.896  0013.03  01.51  08.06  264.9  009.26  30.435  1023.898  1472.75 
2024 06 27 17 10 56.26  30.996  06.883  0012.80  01.66  08.09  264.9  009.26  30.414  1023.882  1472.67 
2024 06 27 17 10 56.51  30.944  06.838  0012.60  01.85  08.20  264.9  009.26  30.397  1023.874  1472.47 
2024 06 27 17 10 56.76  30.909  06.790  0012.35  01.85  08.10  265.2  009.26  30.400  1023.882  1472.28 
2024 06 27 17 10 57.01  30.894  06.785  0012.14  01.88  08.04  265.2  009.26  30.390  1023.873  1472.24 
2024 06 27 17 10 57.26  30.878  06.764  0011.93  01.80  07.98  265.2  009.26  30.391  1023.875  1472.16 
2024 06 27 17 10 57.51  30.873  06.764  0011.74  01.72  07.96  265.2  009.26  30.385  1023.870  1472.15 
2024 06 27 17 10 57.76  30.862  06.756  0011.53  01.79  07.99  265.2  009.26  30.381  1023.866  1472.11 
2024 06 27 17 10 58.01  30.857  06.745  0011.30  02.02  07.99  265.2  009.26  30.385  1023.870  1472.07 
2024 06 27 17 10 58.26  30.851  06.745  0011.11  01.85  07.99  265.2  009.26  30.378  1023.863  1472.06 
2024 06 27 17 10 58.51  30.840  06.738  0010.84  01.82  07.99  265.2  009.26  30.373  1023.860  1472.02 
2024 06 27 17 10 58.76  30.820  06.711  0010.59  01.84  08.07  265.2  009.26  30.376  1023.864  1471.91 
2024 06 27 17 10 59.01  30.794  06.690  0010.42  01.91  08.08  265.2  009.26  30.365  1023.857  1471.81 
2024 06 27 17 10 59.26  30.755  06.662  0010.16  01.97  08.07  265.2  009.26  30.348  1023.846  1471.68 
2024 06 27 17 10 59.51  30.744  06.649  0009.96  02.05  08.19  265.2  009.26  30.348  1023.846  1471.62 
2024 06 27 17 10 59.76  30.737  06.648  0009.72  02.14  08.06  267.7  009.26  30.341  1023.840  1471.60 
2024 06 27 17 11 00.01  30.719  06.634  0009.49  02.09  07.92  267.7  009.26  30.334  1023.835  1471.54 
2024 06 27 17 11 00.26  30.697  06.601  0009.29  02.26  07.95  267.7  009.26  30.339  1023.842  1471.41 
2024 06 27 17 11 00.51  30.681  06.603  0009.08  02.10  08.10  267.7  009.26  30.320  1023.826  1471.39 
2024 06 27 17 11 00.76  30.650  06.574  0008.91  02.20  07.93  267.7  009.26  30.312  1023.823  1471.26 
2024 06 27 17 11 01.01  30.612  06.527  0008.72  02.17  07.97  267.7  009.26  30.312  1023.828  1471.07 
2024 06 27 17 11 01.26  30.593  06.525  0008.50  02.22  08.05  267.7  009.26  30.292  1023.812  1471.04 
2024 06 27 17 11 01.51  30.571  06.504  0008.25  02.36  08.13  267.7  009.26  30.288  1023.809  1470.94 
2024 06 27 17 11 01.76  30.448  06.392  0008.04  02.32  08.09  267.7  009.26  30.252  1023.794  1470.45 
2024 06 27 17 11 02.01  30.417  06.369  0007.76  02.45  08.05  267.7  009.26  30.239  1023.785  1470.34 
2024 06 27 17 11 02.26  30.371  06.331  0007.52  02.36  08.09  267.7  009.26  30.221  1023.774  1470.16 
2024 06 27 17 11 02.51  30.322  06.298  0007.33  02.25  08.21  267.7  009.26  30.198  1023.759  1470.00 
2024 06 27 17 11 02.76  30.305  06.266  0007.11  02.34  07.90  269.7  009.26  30.208  1023.770  1469.88 
2024 06 27 17 11 03.01  30.275  06.253  0006.89  02.47  07.96  269.7  009.26  30.185  1023.753  1469.80 
2024 06 27 17 11 03.26  30.258  06.234  0006.70  02.56  08.06  269.7  009.26  30.184  1023.753  1469.71 
2024 06 27 17 11 03.51  30.237  06.217  0006.47  02.45  08.07  269.7  009.26  30.176  1023.747  1469.63 
2024 06 27 17 11 03.76  30.219  06.210  0006.25  02.39  07.97  269.7  009.26  30.163  1023.737  1469.58 
2024 06 27 17 11 04.01  30.215  06.212  0006.03  02.43  07.98  269.7  009.26  30.157  1023.731  1469.58 
2024 06 27 17 11 04.26  30.207  06.211  0005.77  02.63  08.12  269.7  009.26  30.149  1023.724  1469.56 
2024 06 27 17 11 04.51  30.196  06.207  0005.53  02.54  07.99  269.7  009.26  30.141  1023.717  1469.53 
2024 06 27 17 11 04.76  30.166  06.161  0005.34  02.38  08.08  269.7  009.26  30.148  1023.727  1469.35 
2024 06 27 17 11 05.01  30.150  06.151  0005.21  02.37  08.23  269.7  009.26  30.139  1023.721  1469.30 
2024 06 27 17 11 05.26  30.146  06.164  0005.08  02.34  08.06  269.7  009.26  30.123  1023.706  1469.33 
2024 06 27 17 11 05.51  30.140  06.150  0004.89  02.75  08.06  269.7  009.26  30.129  1023.711  1469.28 
2024 06 27 17 11 05.76  30.102  06.115  0004.70  02.58  08.05  273.4  009.26  30.119  1023.706  1469.12 
2024 06 27 17 11 06.01  30.071  06.093  0004.47  02.49  07.94  273.4  009.26  30.104  1023.696  1469.01 
2024 06 27 17 11 06.26  30.000  06.036  0004.29  02.34  07.94  273.4  009.26  30.076  1023.680  1468.75 
2024 06 27 17 11 06.51  29.929  05.932  0004.12  02.28  08.04  273.4  009.26  30.089  1023.702  1468.34 
2024 06 27 17 11 06.76  29.874  05.888  0003.93  02.21  07.96  273.4  009.26  30.067  1023.688  1468.13 
2024 06 27 17 11 07.01  29.798  05.836  0003.68  02.08  07.97  273.4  009.26  30.029  1023.663  1467.87 
2024 06 27 17 11 07.26  29.679  05.776  0003.44  02.12  08.05  273.4  009.26  29.951  1023.607  1467.52 
2024 06 27 17 11 07.51  29.626  05.703  0003.27  02.08  08.00  273.4  009.26  29.956  1023.618  1467.23 
2024 06 27 17 11 07.76  29.521  05.610  0003.01  02.16  08.23  273.4  009.26  29.922  1023.601  1466.81 
2024 06 27 17 11 08.01  29.528  05.575  0002.82  01.92  08.10  273.4  009.26  29.961  1023.635  1466.71 
2024 06 27 17 11 08.26  29.408  05.456  0002.66  01.90  08.11  273.4  009.26  29.931  1023.623  1466.19 
2024 06 27 17 11 08.51  29.279  05.397  0002.49  01.80  08.11  273.4  009.26  29.840  1023.557  1465.83 
2024 06 27 17 11 08.76  29.284  05.318  0002.34  01.76  07.92  274.5  009.26  29.917  1023.625  1465.60 
2024 06 27 17 11 09.01  29.163  05.298  0002.15  01.63  07.96  274.5  009.26  29.798  1023.532  1465.37 
2024 06 27 17 11 09.26  29.063  05.186  0001.95  01.68  07.91  274.5  009.26  29.784  1023.532  1464.89 
2024 06 27 17 11 09.51  28.987  05.072  0001.77  01.67  07.97  274.5  009.26  29.801  1023.557  1464.44 
2024 06 27 17 11 09.76  28.914  05.037  0001.63  01.64  08.03  274.5  009.26  29.749  1023.518  1464.22 
2024 06 27 17 11 10.01  28.963  05.025  0001.53  01.51  08.01  274.5  009.26  29.815  1023.572  1464.26 
2024 06 27 17 11 10.26  28.935  04.999  0001.47  01.45  08.00  274.5  009.26  29.806  1023.567  1464.14 
2024 06 27 17 11 10.51  28.512  04.455  0001.39  01.40  08.06  274.5  009.26  29.812  1023.626  1461.88 
2024 06 27 17 11 10.76  28.615  04.772  0001.32  01.53  08.21  274.5  009.26  29.645  1023.462  1462.99 
2024 06 27 17 11 11.01  28.558  04.752  0001.26  01.52  08.11  274.5  009.26  29.598  1023.427  1462.85 
2024 06 27 17 11 11.26  28.530  04.684  0001.19  01.64  08.09  274.5  009.26  29.626  1023.455  1462.60 
2024 06 27 17 11 11.51  28.517  04.634  0001.13  01.37  08.10  274.5  009.26  29.656  1023.484  1462.43 
2024 06 27 17 11 11.76  28.487  04.644  0001.06  01.37  08.07  279.6  009.26  29.612  1023.447  1462.42 
2024 06 27 17 11 12.01  28.398  04.481  0000.97  01.49  08.11  279.6  009.26  29.657  1023.498  1461.79 
2024 06 27 17 11 12.26  28.354  04.514  0000.90  01.43  08.12  279.6  009.26  29.577  1023.432  1461.82 
2024 06 27 17 11 12.51  28.329  04.496  0000.86  01.63  08.12  279.6  009.26  29.564  1023.423  1461.73 
2024 06 27 17 11 12.76  28.285  04.457  0000.84  01.38  08.11  279.6  009.26  29.548  1023.414  1461.55 
2024 06 27 17 11 13.01  28.179  04.386  0000.84  01.33  08.09  279.6  009.26  29.489  1023.373  1461.18 
2024 06 27 17 11 13.26  27.667  03.749  0000.77  01.20  07.95  279.6  009.26  29.467  1023.414  1458.45 
2024 06 27 17 11 13.51  26.927  03.257  0000.67  01.01  07.92  279.6  009.26  29.037  1023.112  1455.79 
2024 06 27 17 11 13.76  26.816  03.117  0000.61  00.97  08.07  279.6  009.26  29.031  1023.117  1455.18 
2024 06 27 17 11 14.01  26.826  03.149  0000.61  01.00  08.01  279.6  009.26  29.015  1023.102  1455.29 
2024 06 27 17 11 14.26  26.730  03.011  0000.59  00.99  08.00  279.6  009.26  29.024  1023.120  1454.71 
2024 06 27 17 11 14.51  26.852  03.206  0000.52  00.97  07.99  279.6  009.26  28.994  1023.080  1455.51 
2024 06 27 17 11 14.76  26.982  03.312  0000.40  00.97  07.84  279.4  009.26  29.054  1023.119  1456.04 
2024 06 27 17 11 15.01  27.018  03.358  0000.30  00.93  07.90  279.4  009.26  29.055  1023.116  1456.24 
2024 06 27 17 11 15.26  26.920  03.256  0000.22  00.92  07.93  279.4  009.26  29.030  1023.104  1455.77 
2024 06 27 17 11 15.51  26.961  03.305  0000.21  01.11  07.92  279.4  009.26  29.034  1023.103  1455.99 
2024 06 27 17 11 15.76  26.929  03.260  0000.20  01.18  08.01  279.4  009.26  29.037  1023.109  1455.80 
2024 06 27 17 11 16.01  26.904  03.193  0000.17  01.09  08.03  279.4  009.26  29.068  1023.139  1455.55 
2024 06 27 17 11 16.26  26.900  03.221  0000.18  01.10  08.04  279.4  009.26  29.038  1023.113  1455.63 
2024 06 27 17 11 16.51  26.931  03.345  0000.16  01.07  08.03  279.4  009.26  28.963  1023.043  1456.07 
2024 06 27 17 11 16.76  26.966  03.431  0000.17  01.04  08.07  279.4  009.26  28.928  1023.008  1456.39 
2024 06 27 17 11 17.01  26.985  03.388  0000.13  01.10  08.17  279.4  009.26  28.989  1023.060  1456.28 
2024 06 27 17 11 17.26  26.943  03.318  0000.00  01.15  08.19  279.4  009.26  29.001  1023.075  1456.00 
2024 06 27 17 11 17.51  26.681  03.118  0000.05  01.12  08.05  279.4  009.26  28.870  1022.986  1454.96 
2024 06 27 17 11 17.76  03.560  03.096  0000.06  04.01  07.95  290.7  009.26  03.292  1002.616  1421.79 
2024 06 27 17 11 18.01  02.094  03.214  0000.05  16.01  07.97  290.7  009.26  01.870  1001.476  1420.47 
2024 06 27 17 11 18.26  01.132  03.249  0000.06  25.88  07.98  290.7  009.26  00.978  1000.760  1419.46 
2024 06 27 17 11 18.51  00.470  03.261  0000.03  22.17  08.01  290.7  009.26  00.391  1000.287  1418.73 
2024 06 27 17 11 18.76  00.122  03.190  0000.04  10.56  07.95  290.7  009.26  00.098  1000.049  1418.01 
