2024 06 26 16 45 54.05  04.141  01.769  0000.01  00.49  28.91  362.6  009.23  04.031  1003.193  1416.50 
2024 06 26 16 45 54.30  25.668  03.941  0000.02  00.60  28.58  362.6  009.23  26.975  1021.414  1456.06 
2024 06 26 16 45 54.55  28.160  04.051  0000.03  05.09  12.29  362.6  009.23  29.771  1023.625  1460.11 
2024 06 26 16 45 54.80  28.147  04.036  0000.09  08.26  07.52  362.6  009.23  29.769  1023.624  1460.05 
2024 06 26 16 45 55.05  28.197  04.078  0000.23  09.92  07.67  362.6  009.23  29.789  1023.637  1460.25 
2024 06 26 16 45 55.30  28.184  04.044  0000.27  10.21  07.29  362.6  009.26  29.805  1023.653  1460.13 
2024 06 26 16 45 55.55  28.191  04.058  0000.32  09.75  07.26  362.6  009.23  29.800  1023.648  1460.18 
2024 06 26 16 45 55.80  28.245  04.113  0000.39  09.71  07.30  362.6  009.23  29.813  1023.654  1460.43 
2024 06 26 16 45 56.05  28.273  04.146  0000.42  09.62  07.30  362.6  009.23  29.815  1023.653  1460.58 
2024 06 26 16 45 56.30  28.259  04.132  0000.41  10.12  07.29  362.6  009.23  29.812  1023.652  1460.51 
2024 06 26 16 45 56.55  28.283  04.126  0000.43  10.23  07.28  362.6  009.26  29.845  1023.679  1460.53 
2024 06 26 16 45 56.80  28.266  04.108  0000.40  10.06  07.20  358.3  009.23  29.842  1023.677  1460.45 
2024 06 26 16 45 57.05  28.261  04.116  0000.39  10.13  07.20  358.3  009.23  29.829  1023.666  1460.47 
2024 06 26 16 45 57.30  28.259  04.127  0000.44  09.84  07.19  358.3  009.23  29.816  1023.655  1460.50 
2024 06 26 16 45 57.55  28.284  04.162  0000.48  09.71  07.19  358.3  009.23  29.814  1023.651  1460.64 
2024 06 26 16 45 57.80  28.324  04.197  0000.54  09.96  07.19  358.3  009.26  29.829  1023.659  1460.81 
2024 06 26 16 45 58.05  28.358  04.212  0000.67  09.93  07.18  358.3  009.26  29.853  1023.678  1460.91 
2024 06 26 16 45 58.30  28.560  04.459  0000.75  09.56  07.18  358.3  009.26  29.863  1023.663  1461.96 
2024 06 26 16 45 58.55  28.597  04.482  0000.80  10.57  07.18  358.3  009.23  29.886  1023.679  1462.08 
2024 06 26 16 45 58.80  28.610  04.477  0000.81  10.29  07.24  358.3  009.23  29.905  1023.694  1462.09 
2024 06 26 16 45 59.05  28.593  04.459  0000.82  09.48  07.24  358.3  009.23  29.902  1023.694  1462.01 
2024 06 26 16 45 59.30  28.596  04.490  0000.84  09.61  07.24  358.3  009.23  29.877  1023.672  1462.11 
2024 06 26 16 45 59.55  28.600  04.496  0000.87  09.80  07.23  358.3  009.23  29.877  1023.671  1462.13 
2024 06 26 16 45 59.80  28.605  04.511  0000.87  09.24  07.17  340.0  009.26  29.869  1023.663  1462.18 
2024 06 26 16 46 00.05  28.615  04.503  0000.87  09.21  07.18  340.0  009.23  29.887  1023.678  1462.17 
2024 06 26 16 46 00.30  28.616  04.503  0000.84  09.16  07.18  340.0  009.23  29.888  1023.678  1462.17 
2024 06 26 16 46 00.55  28.562  04.430  0000.78  08.97  07.18  340.0  009.26  29.892  1023.689  1461.88 
2024 06 26 16 46 00.80  28.503  04.378  0000.76  09.51  07.19  340.0  009.26  29.871  1023.677  1461.63 
2024 06 26 16 46 01.05  28.539  04.420  0000.76  09.79  07.19  340.0  009.26  29.875  1023.676  1461.81 
2024 06 26 16 46 01.30  28.549  04.428  0000.77  09.65  07.19  340.0  009.23  29.879  1023.679  1461.85 
2024 06 26 16 46 01.55  28.552  04.422  0000.76  09.38  07.19  340.0  009.23  29.887  1023.686  1461.84 
2024 06 26 16 46 01.80  28.561  04.426  0000.75  09.21  07.26  340.0  009.20  29.895  1023.691  1461.86 
2024 06 26 16 46 02.05  28.573  04.460  0000.77  09.05  07.26  340.0  009.23  29.878  1023.675  1461.98 
2024 06 26 16 46 02.30  28.576  04.465  0000.76  09.22  07.26  340.0  009.23  29.876  1023.672  1462.00 
2024 06 26 16 46 02.55  28.580  04.457  0000.77  09.40  07.26  340.0  009.23  29.888  1023.683  1461.98 
2024 06 26 16 46 02.80  28.598  04.477  0000.79  09.47  07.20  333.6  009.23  29.891  1023.684  1462.07 
2024 06 26 16 46 03.05  28.591  04.478  0000.80  09.66  07.21  333.6  009.26  29.882  1023.676  1462.06 
2024 06 26 16 46 03.30  28.590  04.457  0000.77  09.06  07.21  333.6  009.26  29.900  1023.692  1462.00 
2024 06 26 16 46 03.55  28.593  04.467  0000.73  09.34  07.22  333.6  009.23  29.894  1023.687  1462.03 
2024 06 26 16 46 03.80  28.573  04.476  0000.75  09.42  07.22  333.6  009.23  29.864  1023.662  1462.03 
2024 06 26 16 46 04.05  28.581  04.451  0000.78  09.37  07.22  333.6  009.26  29.895  1023.689  1461.96 
2024 06 26 16 46 04.30  28.596  04.462  0000.84  09.47  07.23  333.6  009.23  29.902  1023.694  1462.02 
2024 06 26 16 46 04.55  28.621  04.502  0000.92  09.36  07.23  333.6  009.23  29.895  1023.685  1462.18 
2024 06 26 16 46 04.80  28.622  04.500  0000.97  09.79  07.30  333.6  009.23  29.898  1023.687  1462.18 
2024 06 26 16 46 05.05  28.610  04.492  0000.96  09.77  07.30  333.6  009.23  29.892  1023.683  1462.13 
2024 06 26 16 46 05.30  28.610  04.499  0000.92  09.15  07.30  333.6  009.23  29.885  1023.678  1462.15 
2024 06 26 16 46 05.55  28.607  04.503  0000.89  09.20  07.30  333.6  009.23  29.878  1023.671  1462.16 
2024 06 26 16 46 05.80  28.605  04.498  0000.86  09.23  07.24  332.4  009.26  29.881  1023.673  1462.14 
2024 06 26 16 46 06.05  28.552  04.423  0000.84  09.33  07.25  332.4  009.23  29.887  1023.686  1461.84 
2024 06 26 16 46 06.30  28.560  04.416  0000.80  10.16  07.25  332.4  009.23  29.902  1023.698  1461.83 
2024 06 26 16 46 06.55  28.553  04.438  0000.77  09.53  07.25  332.4  009.23  29.874  1023.673  1461.89 
2024 06 26 16 46 06.80  28.540  04.433  0000.75  09.84  07.26  332.4  009.23  29.864  1023.666  1461.85 
2024 06 26 16 46 07.05  28.536  04.403  0000.76  10.03  07.26  332.4  009.23  29.886  1023.687  1461.75 
2024 06 26 16 46 07.30  28.527  04.405  0000.75  10.17  07.26  332.4  009.23  29.875  1023.677  1461.75 
2024 06 26 16 46 07.55  28.530  04.382  0000.76  09.85  07.27  332.4  009.23  29.899  1023.699  1461.68 
2024 06 26 16 46 07.80  28.569  04.450  0000.81  09.59  07.33  332.4  009.23  29.883  1023.680  1461.94 
2024 06 26 16 46 08.05  28.577  04.443  0000.85  09.03  07.33  332.4  009.23  29.898  1023.692  1461.94 
2024 06 26 16 46 08.30  28.563  04.419  0000.84  09.68  07.33  332.4  009.23  29.903  1023.699  1461.84 
2024 06 26 16 46 08.55  28.546  04.422  0000.78  09.48  07.34  332.4  009.23  29.880  1023.680  1461.83 
2024 06 26 16 46 08.80  28.531  04.411  0000.78  09.31  07.28  329.7  009.26  29.874  1023.676  1461.77 
2024 06 26 16 46 09.05  28.515  04.397  0000.78  09.54  07.29  329.7  009.23  29.868  1023.673  1461.70 
2024 06 26 16 46 09.30  28.518  04.385  0000.83  09.89  07.29  329.7  009.23  29.883  1023.686  1461.67 
2024 06 26 16 46 09.55  28.534  04.424  0000.84  09.61  07.29  329.7  009.23  29.865  1023.668  1461.82 
2024 06 26 16 46 09.80  28.575  04.474  0000.85  10.09  07.29  329.7  009.23  29.867  1023.665  1462.03 
2024 06 26 16 46 10.05  28.573  04.466  0000.86  10.39  07.30  329.7  009.23  29.871  1023.669  1462.00 
2024 06 26 16 46 10.30  28.555  04.443  0000.84  09.61  07.30  329.7  009.26  29.872  1023.672  1461.90 
2024 06 26 16 46 10.55  28.540  04.421  0000.77  09.41  07.30  329.7  009.23  29.875  1023.676  1461.81 
2024 06 26 16 46 10.80  28.528  04.412  0000.77  09.86  07.37  329.7  009.23  29.869  1023.672  1461.77 
2024 06 26 16 46 11.05  28.511  04.391  0000.79  10.01  07.37  329.7  009.23  29.869  1023.674  1461.68 
2024 06 26 16 46 11.30  28.542  04.440  0000.79  09.84  07.37  329.7  009.23  29.860  1023.663  1461.88 
2024 06 26 16 46 11.55  28.586  04.491  0000.84  09.61  07.37  329.7  009.23  29.865  1023.661  1462.09 
2024 06 26 16 46 11.80  28.576  04.476  0000.86  10.91  07.31  329.7  009.23  29.866  1023.664  1462.03 
2024 06 26 16 46 12.05  28.576  04.459  0000.88  10.27  07.32  329.7  009.26  29.882  1023.678  1461.98 
2024 06 26 16 46 12.30  28.567  04.456  0000.84  09.49  07.32  329.7  009.23  29.874  1023.672  1461.96 
2024 06 26 16 46 12.55  28.528  04.425  0000.80  09.54  07.32  329.7  009.26  29.858  1023.662  1461.81 
2024 06 26 16 46 12.80  28.508  04.404  0000.77  09.85  07.33  329.7  009.23  29.854  1023.661  1461.71 
2024 06 26 16 46 13.05  28.503  04.386  0000.79  09.59  07.33  329.7  009.23  29.863  1023.670  1461.65 
2024 06 26 16 46 13.30  28.549  04.440  0000.84  09.68  07.33  329.7  009.23  29.869  1023.670  1461.89 
2024 06 26 16 46 13.55  28.574  04.464  0000.87  09.58  07.33  329.7  009.23  29.876  1023.673  1461.99 
2024 06 26 16 46 13.80  28.573  04.468  0000.86  09.80  07.40  329.7  009.23  29.870  1023.668  1462.01 
2024 06 26 16 46 14.05  28.564  04.425  0000.86  09.35  07.40  329.7  009.23  29.898  1023.695  1461.86 
2024 06 26 16 46 14.30  28.546  04.432  0000.80  09.01  07.40  329.7  009.23  29.871  1023.672  1461.86 
2024 06 26 16 46 14.55  28.502  04.388  0000.76  10.16  07.40  329.7  009.23  29.861  1023.668  1461.66 
2024 06 26 16 46 14.80  28.479  04.377  0000.78  09.85  07.34  328.7  009.23  29.845  1023.657  1461.59 
2024 06 26 16 46 15.05  28.502  04.384  0000.80  10.05  07.35  328.7  009.23  29.865  1023.671  1461.64 
2024 06 26 16 46 15.30  28.522  04.403  0000.84  09.75  07.35  328.7  009.23  29.871  1023.675  1461.73 
2024 06 26 16 46 15.55  28.538  04.430  0000.86  10.12  07.35  328.7  009.26  29.864  1023.667  1461.84 
2024 06 26 16 46 15.80  28.557  04.456  0000.90  10.84  07.35  328.7  009.23  29.863  1023.664  1461.95 
2024 06 26 16 46 16.05  28.563  04.433  0000.89  09.90  07.36  328.7  009.23  29.891  1023.688  1461.89 
2024 06 26 16 46 16.30  28.539  04.421  0000.84  09.47  07.36  328.7  009.23  29.874  1023.675  1461.82 
2024 06 26 16 46 16.55  28.503  04.399  0000.81  09.17  07.36  328.7  009.23  29.852  1023.660  1461.69 
2024 06 26 16 46 16.80  28.496  04.397  0000.81  09.38  07.42  328.7  009.23  29.846  1023.655  1461.68 
2024 06 26 16 46 17.05  28.502  04.367  0000.83  10.20  07.42  328.7  009.23  29.880  1023.685  1461.59 
2024 06 26 16 46 17.30  28.557  04.473  0000.88  10.34  07.42  328.7  009.23  29.848  1023.650  1462.00 
2024 06 26 16 46 17.55  28.575  04.485  0000.91  09.77  07.43  328.7  009.23  29.857  1023.656  1462.06 
2024 06 26 16 46 17.80  28.564  04.448  0000.89  09.99  07.37  328.6  009.23  29.878  1023.676  1461.93 
2024 06 26 16 46 18.05  28.569  04.460  0000.86  09.48  07.37  328.6  009.23  29.872  1023.671  1461.98 
2024 06 26 16 46 18.30  28.561  04.460  0000.84  09.74  07.38  328.6  009.23  29.865  1023.665  1461.96 
2024 06 26 16 46 18.55  28.564  04.450  0000.84  09.44  07.38  328.6  009.23  29.876  1023.675  1461.94 
2024 06 26 16 46 18.80  28.558  04.428  0000.85  09.79  07.38  328.6  009.23  29.890  1023.688  1461.86 
2024 06 26 16 46 19.05  28.557  04.437  0000.87  09.56  07.38  328.6  009.23  29.880  1023.679  1461.89 
2024 06 26 16 46 19.30  28.577  04.468  0000.90  09.69  07.39  328.6  009.23  29.875  1023.672  1462.01 
2024 06 26 16 46 19.55  28.566  04.457  0000.89  09.66  07.39  328.6  009.23  29.873  1023.672  1461.96 
2024 06 26 16 46 19.80  28.565  04.425  0000.87  09.78  07.45  328.6  009.23  29.900  1023.696  1461.86 
2024 06 26 16 46 20.05  28.565  04.450  0000.87  09.91  07.45  328.6  009.23  29.878  1023.676  1461.94 
2024 06 26 16 46 20.30  28.557  04.444  0000.84  09.96  07.45  328.6  009.23  29.874  1023.673  1461.91 
2024 06 26 16 46 20.55  28.550  04.442  0000.84  09.54  07.45  328.6  009.23  29.868  1023.669  1461.89 
2024 06 26 16 46 20.80  28.559  04.436  0000.87  10.02  07.39  328.7  009.23  29.884  1023.682  1461.89 
2024 06 26 16 46 21.05  28.553  04.433  0000.88  10.14  07.40  328.7  009.23  29.879  1023.679  1461.87 
2024 06 26 16 46 21.30  28.563  04.429  0000.88  09.90  07.40  328.7  009.23  29.894  1023.691  1461.87 
2024 06 26 16 46 21.55  28.558  04.444  0000.91  10.50  07.40  328.7  009.23  29.875  1023.674  1461.91 
2024 06 26 16 46 21.80  28.558  04.433  0000.87  10.53  07.41  328.7  009.23  29.885  1023.683  1461.88 
2024 06 26 16 46 22.05  28.555  04.440  0000.84  11.30  07.41  328.7  009.26  29.875  1023.674  1461.90 
2024 06 26 16 46 22.30  28.561  04.442  0000.86  11.01  07.41  328.7  009.23  29.880  1023.678  1461.91 
2024 06 26 16 46 22.55  28.564  04.451  0000.89  10.35  07.41  328.7  009.23  29.875  1023.674  1461.94 
2024 06 26 16 46 22.80  28.565  04.457  0000.89  10.29  07.48  328.7  009.23  29.872  1023.670  1461.96 
2024 06 26 16 46 23.05  28.576  04.452  0000.88  10.37  07.48  328.7  009.23  29.888  1023.684  1461.96 
2024 06 26 16 46 23.30  28.575  04.453  0000.89  10.48  07.48  328.7  009.23  29.886  1023.682  1461.96 
2024 06 26 16 46 23.55  28.577  04.454  0000.87  10.43  07.48  328.7  009.26  29.887  1023.683  1461.97 
2024 06 26 16 46 23.80  28.583  04.459  0000.86  10.46  07.42  327.4  009.26  29.890  1023.684  1461.99 
2024 06 26 16 46 24.05  28.577  04.467  0000.86  10.47  07.43  327.4  009.26  29.876  1023.673  1462.01 
2024 06 26 16 46 24.30  28.577  04.464  0000.85  11.48  07.43  327.4  009.23  29.878  1023.675  1462.00 
2024 06 26 16 46 24.55  28.580  04.471  0000.88  10.97  07.43  327.4  009.23  29.875  1023.672  1462.03 
2024 06 26 16 46 24.80  28.585  04.470  0000.89  10.24  07.43  327.4  009.23  29.882  1023.677  1462.03 
2024 06 26 16 46 25.05  28.581  04.471  0000.90  09.95  07.43  327.4  009.26  29.877  1023.673  1462.03 
2024 06 26 16 46 25.30  28.585  04.466  0000.90  09.93  07.44  327.4  009.23  29.886  1023.681  1462.02 
2024 06 26 16 46 25.55  28.582  04.462  0000.85  10.67  07.44  327.4  009.23  29.887  1023.682  1462.00 
2024 06 26 16 46 25.80  28.582  04.469  0000.83  11.29  07.50  327.4  009.23  29.880  1023.675  1462.02 
2024 06 26 16 46 26.05  28.585  04.471  0000.84  11.14  07.50  327.4  009.23  29.882  1023.677  1462.03 
2024 06 26 16 46 26.30  28.584  04.471  0000.88  10.63  07.50  327.4  009.23  29.880  1023.675  1462.03 
2024 06 26 16 46 26.55  28.586  04.472  0000.87  09.83  07.50  327.4  009.23  29.882  1023.677  1462.04 
2024 06 26 16 46 26.80  28.592  04.474  0000.90  09.79  07.44  327.3  009.23  29.886  1023.680  1462.05 
2024 06 26 16 46 27.05  28.588  04.470  0000.89  09.59  07.45  327.3  009.23  29.887  1023.681  1462.03 
2024 06 26 16 46 27.30  28.585  04.464  0000.86  09.76  07.45  327.3  009.23  29.887  1023.682  1462.01 
2024 06 26 16 46 27.55  28.588  04.465  0000.85  10.19  07.45  327.3  009.26  29.890  1023.684  1462.02 
2024 06 26 16 46 27.80  28.588  04.468  0000.83  09.86  07.45  327.3  009.23  29.888  1023.682  1462.03 
2024 06 26 16 46 28.05  28.595  04.471  0000.85  09.83  07.46  327.3  009.23  29.893  1023.686  1462.05 
2024 06 26 16 46 28.30  28.588  04.472  0000.83  10.06  07.46  327.3  009.23  29.885  1023.679  1462.04 
2024 06 26 16 46 28.55  28.592  04.472  0000.86  10.20  07.46  327.3  009.23  29.888  1023.682  1462.05 
2024 06 26 16 46 28.80  28.592  04.479  0000.86  10.38  07.52  327.3  009.23  29.882  1023.677  1462.07 
2024 06 26 16 46 29.05  28.592  04.470  0000.86  10.32  07.52  327.3  009.23  29.890  1023.683  1462.04 
2024 06 26 16 46 29.30  28.590  04.472  0000.84  10.80  07.52  327.3  009.23  29.886  1023.680  1462.04 
2024 06 26 16 46 29.55  28.592  04.476  0000.84  10.00  07.52  327.3  009.23  29.885  1023.679  1462.06 
2024 06 26 16 46 29.80  28.589  04.470  0000.85  09.80  07.46  326.8  009.23  29.887  1023.682  1462.04 
2024 06 26 16 46 30.05  28.588  04.471  0000.85  09.89  07.47  326.8  009.23  29.885  1023.680  1462.04 
2024 06 26 16 46 30.30  28.588  04.486  0000.87  10.78  07.47  326.8  009.26  29.872  1023.668  1462.08 
2024 06 26 16 46 30.55  28.591  04.477  0000.86  11.26  07.47  326.8  009.23  29.883  1023.677  1462.06 
2024 06 26 16 46 30.80  28.589  04.475  0000.86  10.47  07.47  326.8  009.26  29.883  1023.678  1462.05 
2024 06 26 16 46 31.05  28.588  04.468  0000.86  10.87  07.48  326.8  009.23  29.888  1023.682  1462.03 
2024 06 26 16 46 31.30  28.588  04.464  0000.86  10.49  07.48  326.8  009.23  29.892  1023.686  1462.02 
2024 06 26 16 46 31.55  28.592  04.465  0000.84  10.96  07.48  326.8  009.23  29.896  1023.689  1462.02 
2024 06 26 16 46 31.80  28.598  04.490  0000.86  10.67  07.54  326.8  009.23  29.879  1023.673  1462.11 
2024 06 26 16 46 32.05  28.603  04.489  0000.86  10.73  07.54  326.8  009.23  29.885  1023.678  1462.11 
2024 06 26 16 46 32.30  28.599  04.487  0000.85  10.93  07.54  326.8  009.23  29.883  1023.677  1462.10 
2024 06 26 16 46 32.55  28.598  04.502  0000.86  11.22  07.54  326.8  009.23  29.868  1023.663  1462.15 
2024 06 26 16 46 32.80  28.599  04.496  0000.87  10.26  07.48  327.4  009.26  29.875  1023.669  1462.13 
2024 06 26 16 46 33.05  28.600  04.477  0000.86  10.51  07.49  327.4  009.26  29.894  1023.686  1462.07 
2024 06 26 16 46 33.30  28.599  04.475  0000.87  10.57  07.49  327.4  009.26  29.893  1023.686  1462.07 
2024 06 26 16 46 33.55  28.597  04.477  0000.84  10.71  07.49  327.4  009.26  29.891  1023.683  1462.07 
2024 06 26 16 46 33.80  28.594  04.477  0000.87  10.71  07.49  327.4  009.26  29.887  1023.681  1462.06 
2024 06 26 16 46 34.05  28.601  04.492  0000.86  10.61  07.50  327.4  009.26  29.881  1023.675  1462.12 
2024 06 26 16 46 34.30  28.603  04.496  0000.86  09.76  07.50  327.4  009.23  29.879  1023.673  1462.13 
2024 06 26 16 46 34.55  28.600  04.499  0000.86  10.15  07.50  327.4  009.23  29.874  1023.668  1462.14 
2024 06 26 16 46 34.80  28.609  04.499  0000.88  09.91  07.56  327.4  009.23  29.884  1023.676  1462.15 
2024 06 26 16 46 35.05  28.616  04.501  0000.89  09.67  07.56  327.4  009.26  29.891  1023.681  1462.17 
2024 06 26 16 46 35.30  28.620  04.501  0000.88  09.73  07.56  327.4  009.26  29.895  1023.685  1462.17 
2024 06 26 16 46 35.55  28.620  04.495  0000.86  09.84  07.56  327.4  009.26  29.901  1023.690  1462.16 
2024 06 26 16 46 35.80  28.620  04.492  0000.86  09.84  07.50  327.0  009.26  29.902  1023.691  1462.15 
2024 06 26 16 46 36.05  28.617  04.496  0000.85  10.29  07.51  327.0  009.26  29.896  1023.686  1462.16 
2024 06 26 16 46 36.30  28.618  04.501  0000.86  11.14  07.51  327.0  009.26  29.892  1023.682  1462.17 
2024 06 26 16 46 36.55  28.627  04.500  0000.86  10.64  07.51  327.0  009.26  29.905  1023.692  1462.18 
2024 06 26 16 46 36.80  28.630  04.505  0000.88  10.26  07.51  327.0  009.26  29.902  1023.690  1462.20 
2024 06 26 16 46 37.05  28.628  04.501  0000.89  09.96  07.51  327.0  009.26  29.904  1023.692  1462.19 
2024 06 26 16 46 37.30  28.625  04.495  0000.86  10.53  07.51  327.0  009.26  29.906  1023.694  1462.16 
2024 06 26 16 46 37.55  28.626  04.492  0000.86  10.72  07.52  327.0  009.26  29.910  1023.697  1462.16 
2024 06 26 16 46 37.80  28.627  04.496  0000.86  09.84  07.57  327.0  009.26  29.907  1023.695  1462.17 
2024 06 26 16 46 38.05  28.621  04.498  0000.86  09.63  07.58  327.0  009.26  29.898  1023.687  1462.17 
2024 06 26 16 46 38.30  28.624  04.502  0000.86  11.07  07.57  327.0  009.26  29.899  1023.687  1462.18 
2024 06 26 16 46 38.55  28.628  04.502  0000.88  11.42  07.57  327.0  009.26  29.904  1023.691  1462.19 
2024 06 26 16 46 38.80  28.634  04.508  0000.88  10.41  07.51  326.5  009.26  29.904  1023.691  1462.22 
2024 06 26 16 46 39.05  28.629  04.510  0000.87  10.04  07.52  326.5  009.26  29.897  1023.686  1462.21 
2024 06 26 16 46 39.30  28.624  04.499  0000.86  10.66  07.52  326.5  009.26  29.902  1023.690  1462.17 
2024 06 26 16 46 39.55  28.619  04.492  0000.86  10.58  07.52  326.5  009.26  29.902  1023.691  1462.14 
2024 06 26 16 46 39.80  28.619  04.503  0000.85  10.91  07.53  326.5  009.26  29.891  1023.681  1462.18 
2024 06 26 16 46 40.05  28.626  04.515  0000.87  11.39  07.53  326.5  009.26  29.889  1023.678  1462.23 
2024 06 26 16 46 40.30  28.636  04.530  0000.88  10.88  07.53  326.5  009.26  29.887  1023.676  1462.29 
2024 06 26 16 46 40.55  28.642  04.530  0000.88  10.88  07.53  326.5  009.26  29.894  1023.681  1462.29 
2024 06 26 16 46 40.80  28.638  04.512  0000.86  10.90  07.59  326.5  009.26  29.905  1023.691  1462.24 
2024 06 26 16 46 41.05  28.627  04.503  0000.89  10.60  07.59  326.5  009.26  29.902  1023.690  1462.19 
2024 06 26 16 46 41.30  28.616  04.491  0000.86  10.20  07.59  326.5  009.26  29.900  1023.690  1462.14 
2024 06 26 16 46 41.55  28.610  04.484  0000.85  10.90  07.59  326.5  009.26  29.899  1023.689  1462.11 
2024 06 26 16 46 41.80  28.609  04.486  0000.86  10.44  07.53  326.9  009.26  29.896  1023.687  1462.11 
2024 06 26 16 46 42.05  28.614  04.491  0000.87  10.39  07.54  326.9  009.26  29.897  1023.687  1462.14 
2024 06 26 16 46 42.30  28.625  04.493  0000.90  09.99  07.54  326.9  009.26  29.908  1023.696  1462.16 
2024 06 26 16 46 42.55  28.625  04.494  0000.90  10.01  07.54  326.9  009.26  29.907  1023.695  1462.16 
2024 06 26 16 46 42.80  28.619  04.493  0000.86  10.38  07.54  326.9  009.26  29.900  1023.690  1462.15 
2024 06 26 16 46 43.05  28.621  04.497  0000.86  10.10  07.54  326.9  009.26  29.899  1023.688  1462.17 
2024 06 26 16 46 43.30  28.616  04.491  0000.84  09.66  07.54  326.9  009.26  29.899  1023.688  1462.14 
2024 06 26 16 46 43.55  28.616  04.492  0000.86  09.52  07.55  326.9  009.26  29.899  1023.689  1462.14 
2024 06 26 16 46 43.80  28.624  04.503  0000.86  09.96  07.60  326.9  009.26  29.898  1023.687  1462.19 
2024 06 26 16 46 44.05  28.641  04.512  0000.89  09.71  07.61  326.9  009.26  29.909  1023.695  1462.24 
2024 06 26 16 46 44.30  28.644  04.513  0000.89  09.83  07.61  326.9  009.26  29.912  1023.697  1462.25 
2024 06 26 16 46 44.55  28.632  04.498  0000.88  09.49  07.61  326.9  009.26  29.911  1023.698  1462.19 
2024 06 26 16 46 44.80  28.627  04.516  0000.86  09.41  07.54  326.7  009.26  29.890  1023.679  1462.23 
2024 06 26 16 46 45.05  28.623  04.497  0000.84  09.53  07.55  326.7  009.26  29.902  1023.690  1462.17 
2024 06 26 16 46 45.30  28.624  04.502  0000.85  09.66  07.55  326.7  009.26  29.898  1023.687  1462.18 
2024 06 26 16 46 45.55  28.633  04.502  0000.87  10.32  07.55  326.7  009.26  29.909  1023.695  1462.20 
2024 06 26 16 46 45.80  28.633  04.511  0000.90  11.16  07.56  326.7  009.26  29.901  1023.688  1462.23 
2024 06 26 16 46 46.05  28.638  04.504  0000.89  10.37  07.56  326.7  009.26  29.913  1023.698  1462.21 
2024 06 26 16 46 46.30  28.630  04.506  0000.88  10.42  07.56  326.7  009.26  29.902  1023.690  1462.20 
2024 06 26 16 46 46.55  28.632  04.513  0000.85  10.06  07.56  326.7  009.23  29.898  1023.685  1462.23 
2024 06 26 16 46 46.80  28.631  04.510  0000.81  09.64  07.62  326.7  009.26  29.899  1023.686  1462.22 
2024 06 26 16 46 47.05  28.628  04.506  0000.83  10.96  07.62  326.7  009.23  29.899  1023.687  1462.20 
2024 06 26 16 46 47.30  28.627  04.499  0000.85  10.27  07.62  326.7  009.23  29.905  1023.692  1462.18 
2024 06 26 16 46 47.55  28.625  04.499  0000.86  10.39  07.62  326.7  009.26  29.902  1023.690  1462.18 
2024 06 26 16 46 47.80  28.625  04.499  0000.87  10.31  07.56  326.6  009.26  29.903  1023.691  1462.17 
2024 06 26 16 46 48.05  28.622  04.497  0000.87  09.82  07.57  326.6  009.26  29.901  1023.689  1462.17 
2024 06 26 16 46 48.30  28.624  04.499  0000.84  09.84  07.57  326.6  009.26  29.901  1023.689  1462.17 
2024 06 26 16 46 48.55  28.623  04.501  0000.86  11.16  07.57  326.6  009.26  29.898  1023.687  1462.18 
2024 06 26 16 46 48.80  28.622  04.497  0000.86  11.02  07.57  326.6  009.26  29.901  1023.690  1462.16 
2024 06 26 16 46 49.05  28.620  04.494  0000.84  10.37  07.57  326.6  009.26  29.901  1023.690  1462.16 
2024 06 26 16 46 49.30  28.624  04.497  0000.86  10.42  07.57  326.6  009.26  29.903  1023.691  1462.17 
2024 06 26 16 46 49.55  28.627  04.503  0000.86  10.04  07.57  326.6  009.26  29.901  1023.689  1462.19 
2024 06 26 16 46 49.80  28.630  04.510  0000.86  09.81  07.63  326.6  009.26  29.898  1023.686  1462.22 
2024 06 26 16 46 50.05  28.629  04.510  0000.87  10.54  07.63  326.6  009.26  29.897  1023.686  1462.21 
2024 06 26 16 46 50.30  28.628  04.504  0000.87  10.32  07.63  326.6  009.26  29.902  1023.690  1462.20 
2024 06 26 16 46 50.55  28.626  04.499  0000.87  09.94  07.63  326.6  009.26  29.903  1023.691  1462.18 
2024 06 26 16 46 50.80  28.626  04.498  0000.85  10.07  07.57  326.3  009.26  29.905  1023.692  1462.17 
2024 06 26 16 46 51.05  28.626  04.502  0000.84  10.44  07.58  326.3  009.26  29.900  1023.689  1462.19 
2024 06 26 16 46 51.30  28.625  04.503  0000.85  10.09  07.58  326.3  009.26  29.899  1023.687  1462.19 
2024 06 26 16 46 51.55  28.626  04.498  0000.86  10.40  07.58  326.3  009.26  29.905  1023.692  1462.17 
2024 06 26 16 46 51.80  28.633  04.517  0000.87  10.04  07.58  326.3  009.26  29.896  1023.684  1462.24 
2024 06 26 16 46 52.05  28.639  04.513  0000.86  10.36  07.58  326.3  009.26  29.906  1023.692  1462.24 
2024 06 26 16 46 52.30  28.635  04.512  0000.86  10.24  07.58  326.3  009.26  29.902  1023.689  1462.23 
2024 06 26 16 46 52.55  28.634  04.507  0000.87  09.71  07.59  326.3  009.26  29.905  1023.692  1462.21 
2024 06 26 16 46 52.80  28.630  04.511  0000.85  09.67  07.64  326.3  009.26  29.897  1023.686  1462.22 
2024 06 26 16 46 53.05  28.627  04.515  0000.85  09.74  07.64  326.3  009.26  29.890  1023.679  1462.23 
2024 06 26 16 46 53.30  28.630  04.522  0000.85  10.81  07.64  326.3  009.26  29.887  1023.676  1462.25 
2024 06 26 16 46 53.55  28.631  04.516  0000.86  11.40  07.64  326.3  009.26  29.895  1023.683  1462.24 
2024 06 26 16 46 53.80  28.640  04.514  0000.86  11.57  07.58  326.7  009.26  29.906  1023.692  1462.24 
2024 06 26 16 46 54.05  28.637  04.516  0000.89  11.06  07.59  326.7  009.26  29.901  1023.688  1462.25 
2024 06 26 16 46 54.30  28.631  04.513  0000.88  10.19  07.59  326.7  009.26  29.897  1023.685  1462.23 
2024 06 26 16 46 54.55  28.629  04.498  0000.86  10.18  07.59  326.7  009.26  29.908  1023.695  1462.18 
2024 06 26 16 46 54.80  28.628  04.503  0000.86  09.97  07.59  326.7  009.26  29.902  1023.690  1462.19 
2024 06 26 16 46 55.05  28.626  04.500  0000.85  10.60  07.60  326.7  009.26  29.902  1023.690  1462.18 
2024 06 26 16 46 55.30  28.623  04.495  0000.84  10.01  07.60  326.7  009.26  29.904  1023.692  1462.16 
2024 06 26 16 46 55.55  28.634  04.514  0000.86  09.83  07.60  326.7  009.26  29.899  1023.686  1462.23 
2024 06 26 16 46 55.80  28.637  04.516  0000.87  10.12  07.65  326.7  009.23  29.901  1023.688  1462.24 
2024 06 26 16 46 56.05  28.631  04.514  0000.88  10.19  07.65  326.7  009.26  29.896  1023.684  1462.23 
2024 06 26 16 46 56.30  28.633  04.503  0000.87  10.04  07.66  326.7  009.26  29.908  1023.695  1462.20 
2024 06 26 16 46 56.55  28.635  04.511  0000.85  09.48  07.66  326.7  009.26  29.903  1023.689  1462.23 
2024 06 26 16 46 56.80  28.636  04.513  0000.85  09.93  07.59  326.9  009.26  29.902  1023.689  1462.24 
2024 06 26 16 46 57.05  28.639  04.530  0000.85  09.50  07.60  326.9  009.26  29.890  1023.678  1462.29 
2024 06 26 16 46 57.30  28.659  04.520  0000.86  09.72  07.60  326.9  009.26  29.922  1023.704  1462.29 
2024 06 26 16 46 57.55  28.674  04.552  0000.87  09.31  07.60  326.9  009.26  29.911  1023.693  1462.41 
2024 06 26 16 46 57.80  28.676  04.557  0000.88  09.58  07.60  326.9  009.26  29.908  1023.690  1462.43 
2024 06 26 16 46 58.05  28.669  04.554  0000.87  09.39  07.61  326.9  009.26  29.903  1023.686  1462.41 
2024 06 26 16 46 58.30  28.669  04.546  0000.86  09.99  07.61  326.9  009.26  29.910  1023.692  1462.38 
2024 06 26 16 46 58.55  28.662  04.551  0000.85  10.18  07.61  326.9  009.26  29.898  1023.682  1462.39 
2024 06 26 16 46 58.80  28.664  04.547  0000.86  10.27  07.67  326.9  009.26  29.904  1023.687  1462.38 
2024 06 26 16 46 59.05  28.675  04.565  0000.86  10.18  07.67  326.9  009.26  29.901  1023.683  1462.45 
2024 06 26 16 46 59.30  28.672  04.563  0000.88  10.37  07.67  326.9  009.26  29.898  1023.681  1462.44 
2024 06 26 16 46 59.55  28.666  04.543  0000.87  10.68  07.67  326.9  009.26  29.910  1023.692  1462.37 
2024 06 26 16 46 59.80  28.656  04.537  0000.87  10.72  07.60  326.3  009.26  29.903  1023.688  1462.34 
2024 06 26 16 47 00.05  28.653  04.532  0000.87  09.85  07.61  326.3  009.26  29.904  1023.689  1462.32 
2024 06 26 16 47 00.30  28.647  04.529  0000.86  09.83  07.61  326.3  009.26  29.900  1023.686  1462.30 
2024 06 26 16 47 00.55  28.648  04.528  0000.86  09.51  07.61  326.3  009.26  29.903  1023.688  1462.30 
2024 06 26 16 47 00.80  28.647  04.526  0000.86  10.34  07.61  326.3  009.26  29.904  1023.689  1462.29 
2024 06 26 16 47 01.05  28.651  04.529  0000.87  10.47  07.62  326.3  009.26  29.906  1023.690  1462.30 
2024 06 26 16 47 01.30  28.649  04.529  0000.86  11.43  07.62  326.3  009.26  29.903  1023.688  1462.30 
2024 06 26 16 47 01.55  28.646  04.525  0000.87  10.55  07.62  326.3  009.26  29.903  1023.689  1462.28 
2024 06 26 16 47 01.80  28.643  04.519  0000.88  10.38  07.68  326.3  009.26  29.905  1023.691  1462.26 
2024 06 26 16 47 02.05  28.642  04.511  0000.88  09.52  07.68  326.3  009.23  29.911  1023.696  1462.24 
2024 06 26 16 47 02.30  28.642  04.512  0000.87  10.16  07.68  326.3  009.26  29.910  1023.695  1462.24 
2024 06 26 16 47 02.55  28.643  04.512  0000.88  10.25  07.68  326.3  009.26  29.911  1023.696  1462.24 
2024 06 26 16 47 02.80  28.643  04.515  0000.88  10.47  07.61  326.2  009.26  29.908  1023.694  1462.25 
2024 06 26 16 47 03.05  28.635  04.512  0000.86  10.11  07.62  326.2  009.26  29.902  1023.689  1462.23 
2024 06 26 16 47 03.30  28.631  04.515  0000.86  09.89  07.62  326.2  009.26  29.894  1023.683  1462.23 
2024 06 26 16 47 03.55  28.631  04.511  0000.86  10.35  07.62  326.2  009.26  29.898  1023.686  1462.22 
2024 06 26 16 47 03.80  28.634  04.516  0000.86  09.70  07.62  326.2  009.26  29.897  1023.685  1462.24 
2024 06 26 16 47 04.05  28.647  04.525  0000.88  09.55  07.63  326.2  009.26  29.904  1023.689  1462.29 
2024 06 26 16 47 04.30  28.655  04.521  0000.90  10.37  07.63  326.2  009.26  29.917  1023.700  1462.29 
2024 06 26 16 47 04.55  28.649  04.519  0000.88  10.52  07.63  326.2  009.26  29.912  1023.696  1462.27 
2024 06 26 16 47 04.80  28.643  04.514  0000.87  10.17  07.69  326.2  009.26  29.910  1023.695  1462.25 
2024 06 26 16 47 05.05  28.638  04.516  0000.85  09.80  07.69  326.2  009.23  29.902  1023.689  1462.24 
2024 06 26 16 47 05.30  28.628  04.513  0000.84  10.31  07.69  326.2  009.26  29.893  1023.682  1462.22 
2024 06 26 16 47 05.55  28.632  04.528  0000.85  10.91  07.69  326.2  009.26  29.885  1023.674  1462.27 
2024 06 26 16 47 05.80  28.645  04.536  0000.87  10.41  07.62  326.5  009.26  29.892  1023.678  1462.32 
2024 06 26 16 47 06.05  28.658  04.543  0000.89  10.63  07.63  326.5  009.26  29.900  1023.685  1462.36 
2024 06 26 16 47 06.30  28.662  04.548  0000.89  10.22  07.63  326.5  009.26  29.900  1023.684  1462.38 
2024 06 26 16 47 06.55  28.655  04.537  0000.90  09.80  07.63  326.5  009.26  29.901  1023.686  1462.34 
2024 06 26 16 47 06.80  28.649  04.526  0000.86  09.51  07.63  326.5  009.26  29.905  1023.690  1462.29 
2024 06 26 16 47 07.05  28.634  04.526  0000.85  09.66  07.64  326.5  009.26  29.888  1023.677  1462.27 
2024 06 26 16 47 07.30  28.627  04.525  0000.83  09.30  07.64  326.5  009.26  29.880  1023.670  1462.26 
2024 06 26 16 47 07.55  28.632  04.512  0000.86  09.52  07.64  326.5  009.26  29.899  1023.686  1462.23 
2024 06 26 16 47 07.80  28.636  04.516  0000.88  09.98  07.69  326.5  009.26  29.899  1023.687  1462.25 
2024 06 26 16 47 08.05  28.643  04.515  0000.88  10.49  07.69  326.5  009.26  29.909  1023.694  1462.25 
2024 06 26 16 47 08.30  28.640  04.514  0000.88  09.90  07.69  326.5  009.26  29.906  1023.692  1462.24 
2024 06 26 16 47 08.55  28.635  04.504  0000.88  10.63  07.70  326.5  009.26  29.909  1023.696  1462.20 
2024 06 26 16 47 08.80  28.631  04.514  0000.85  10.37  07.63  326.8  009.26  29.896  1023.684  1462.23 
2024 06 26 16 47 09.05  28.626  04.495  0000.83  10.18  07.64  326.8  009.26  29.907  1023.694  1462.17 
2024 06 26 16 47 09.30  28.634  04.510  0000.85  10.03  07.64  326.8  009.26  29.903  1023.690  1462.22 
2024 06 26 16 47 09.55  28.645  04.514  0000.86  10.11  07.64  326.8  009.26  29.912  1023.697  1462.25 
2024 06 26 16 47 09.80  28.657  04.553  0000.88  10.75  07.64  326.8  009.26  29.890  1023.676  1462.39 
2024 06 26 16 47 10.05  28.656  04.545  0000.90  10.48  07.64  326.8  009.26  29.897  1023.682  1462.36 
2024 06 26 16 47 10.30  28.647  04.528  0000.88  10.25  07.65  326.8  009.26  29.901  1023.687  1462.30 
2024 06 26 16 47 10.55  28.643  04.519  0000.86  09.81  07.65  326.8  009.26  29.906  1023.691  1462.26 
2024 06 26 16 47 10.80  28.641  04.521  0000.86  09.82  07.70  326.8  009.26  29.901  1023.687  1462.27 
2024 06 26 16 47 11.05  28.637  04.517  0000.83  09.87  07.70  326.8  009.26  29.899  1023.686  1462.25 
2024 06 26 16 47 11.30  28.638  04.514  0000.86  10.49  07.70  326.8  009.26  29.903  1023.690  1462.24 
2024 06 26 16 47 11.55  28.639  04.514  0000.86  10.66  07.70  326.8  009.26  29.905  1023.691  1462.24 
2024 06 26 16 47 11.80  28.641  04.516  0000.88  10.04  07.64  326.6  009.26  29.905  1023.691  1462.25 
2024 06 26 16 47 12.05  28.643  04.514  0000.90  10.20  07.65  326.6  009.26  29.910  1023.695  1462.25 
2024 06 26 16 47 12.30  28.641  04.514  0000.90  10.47  07.65  326.6  009.26  29.907  1023.693  1462.25 
2024 06 26 16 47 12.55  28.637  04.520  0000.86  10.29  07.65  326.6  009.26  29.897  1023.684  1462.26 
2024 06 26 16 47 12.80  28.625  04.503  0000.85  10.06  07.65  326.6  009.26  29.899  1023.687  1462.19 
2024 06 26 16 47 13.05  28.616  04.499  0000.82  09.75  07.65  326.6  009.26  29.892  1023.682  1462.16 
2024 06 26 16 47 13.30  28.617  04.488  0000.85  10.02  07.65  326.6  009.26  29.903  1023.693  1462.13 
2024 06 26 16 47 13.55  28.620  04.489  0000.86  09.84  07.66  326.6  009.26  29.905  1023.693  1462.14 
2024 06 26 16 47 13.80  28.643  04.529  0000.89  10.24  07.71  326.6  009.26  29.896  1023.683  1462.29 
2024 06 26 16 47 14.05  28.651  04.536  0000.90  09.86  07.71  326.6  009.26  29.899  1023.685  1462.33 
2024 06 26 16 47 14.30  28.644  04.522  0000.88  09.94  07.71  326.6  009.26  29.904  1023.690  1462.27 
2024 06 26 16 47 14.55  28.625  04.506  0000.86  10.20  07.71  326.6  009.26  29.896  1023.685  1462.20 
2024 06 26 16 47 14.80  28.600  04.472  0000.83  10.12  07.65  326.0  009.26  29.899  1023.690  1462.06 
2024 06 26 16 47 15.05  28.597  04.494  0000.82  09.97  07.66  326.0  009.26  29.875  1023.669  1462.12 
2024 06 26 16 47 15.30  28.596  04.463  0000.85  10.13  07.66  326.0  009.26  29.901  1023.693  1462.02 
2024 06 26 16 47 15.55  28.593  04.455  0000.88  09.95  07.66  326.0  009.26  29.905  1023.697  1462.00 
2024 06 26 16 47 15.80  28.612  04.489  0000.90  10.33  07.66  326.0  009.26  29.896  1023.687  1462.13 
2024 06 26 16 47 16.05  28.605  04.479  0000.90  10.47  07.66  326.0  009.26  29.898  1023.689  1462.09 
2024 06 26 16 47 16.30  28.602  04.481  0000.86  10.80  07.66  326.0  009.26  29.892  1023.684  1462.09 
2024 06 26 16 47 16.55  28.596  04.467  0000.87  10.65  07.66  326.0  009.26  29.897  1023.690  1462.04 
2024 06 26 16 47 16.80  28.590  04.468  0000.83  10.83  07.72  326.0  009.26  29.890  1023.684  1462.03 
2024 06 26 16 47 17.05  28.589  04.458  0000.86  10.60  07.72  326.0  009.26  29.898  1023.691  1462.00 
2024 06 26 16 47 17.30  28.591  04.459  0000.86  10.37  07.72  326.0  009.26  29.900  1023.692  1462.00 
2024 06 26 16 47 17.55  28.589  04.465  0000.89  10.40  07.72  326.0  009.26  29.892  1023.686  1462.02 
2024 06 26 16 47 17.80  28.590  04.458  0000.89  09.77  07.66  328.9  009.26  29.899  1023.692  1462.00 
2024 06 26 16 47 18.05  28.581  04.438  0000.88  11.08  07.67  328.9  009.26  29.907  1023.701  1461.93 
2024 06 26 16 47 18.30  28.577  04.435  0000.87  10.92  07.67  328.9  009.26  29.905  1023.699  1461.91 
2024 06 26 16 47 18.55  28.576  04.442  0000.85  09.90  07.67  328.9  009.26  29.897  1023.692  1461.93 
2024 06 26 16 47 18.80  28.581  04.463  0000.86  10.28  07.67  328.9  009.26  29.884  1023.679  1462.00 
2024 06 26 16 47 19.05  28.588  04.467  0000.87  10.98  07.67  328.9  009.26  29.889  1023.683  1462.03 
2024 06 26 16 47 19.30  28.589  04.456  0000.88  10.79  07.67  328.9  009.26  29.900  1023.693  1461.99 
2024 06 26 16 47 19.55  28.591  04.459  0000.88  10.46  07.67  328.9  009.26  29.899  1023.692  1462.01 
2024 06 26 16 47 19.80  28.583  04.443  0000.87  09.99  07.73  328.9  009.23  29.904  1023.697  1461.95 
2024 06 26 16 47 20.05  28.588  04.439  0000.88  09.96  07.73  328.9  009.26  29.915  1023.706  1461.94 
2024 06 26 16 47 20.30  28.596  04.442  0000.87  10.73  07.73  328.9  009.26  29.921  1023.711  1461.96 
2024 06 26 16 47 20.55  28.597  04.467  0000.87  10.88  07.73  328.9  009.26  29.900  1023.691  1462.04 
2024 06 26 16 47 20.80  28.596  04.480  0000.86  10.14  07.67  328.9  009.26  29.886  1023.680  1462.07 
2024 06 26 16 47 21.05  28.593  04.470  0000.88  10.67  07.67  328.9  009.26  29.892  1023.685  1462.04 
2024 06 26 16 47 21.30  28.593  04.464  0000.88  10.79  07.67  328.9  009.26  29.897  1023.690  1462.02 
2024 06 26 16 47 21.55  28.595  04.476  0000.86  10.33  07.67  328.9  009.26  29.889  1023.682  1462.06 
2024 06 26 16 47 21.80  28.599  04.503  0000.86  10.54  07.68  328.9  009.26  29.868  1023.663  1462.15 
2024 06 26 16 47 22.05  28.605  04.491  0000.86  10.08  07.68  328.9  009.26  29.886  1023.679  1462.12 
2024 06 26 16 47 22.30  28.610  04.490  0000.88  10.08  07.68  328.9  009.26  29.893  1023.685  1462.13 
2024 06 26 16 47 22.55  28.609  04.485  0000.87  09.80  07.68  328.9  009.26  29.896  1023.687  1462.11 
2024 06 26 16 47 22.80  28.608  04.479  0000.86  09.63  07.73  328.9  009.26  29.900  1023.691  1462.09 
2024 06 26 16 47 23.05  28.604  04.488  0000.86  10.03  07.73  328.9  009.26  29.888  1023.680  1462.11 
2024 06 26 16 47 23.30  28.605  04.477  0000.86  10.11  07.73  328.9  009.26  29.899  1023.690  1462.08 
2024 06 26 16 47 23.55  28.605  04.477  0000.86  10.18  07.73  328.9  009.26  29.900  1023.691  1462.08 
2024 06 26 16 47 23.80  28.606  04.486  0000.87  10.18  07.67  328.6  009.26  29.892  1023.684  1462.11 
2024 06 26 16 47 24.05  28.612  04.499  0000.86  10.45  07.68  328.6  009.26  29.888  1023.679  1462.16 
2024 06 26 16 47 24.30  28.616  04.499  0000.85  10.31  07.68  328.6  009.26  29.893  1023.683  1462.16 
2024 06 26 16 47 24.55  28.621  04.513  0000.88  09.73  07.68  328.6  009.26  29.885  1023.675  1462.21 
2024 06 26 16 47 24.80  28.622  04.505  0000.88  09.68  07.68  328.6  009.26  29.893  1023.683  1462.19 
2024 06 26 16 47 25.05  28.624  04.504  0000.87  09.97  07.68  328.6  009.26  29.896  1023.685  1462.19 
2024 06 26 16 47 25.30  28.622  04.500  0000.88  11.20  07.69  328.6  009.26  29.898  1023.687  1462.18 
2024 06 26 16 47 25.55  28.619  04.493  0000.88  11.25  07.69  328.6  009.26  29.900  1023.690  1462.15 
2024 06 26 16 47 25.80  28.616  04.489  0000.87  10.99  07.74  328.6  009.26  29.900  1023.690  1462.13 
2024 06 26 16 47 26.05  28.608  04.485  0000.86  10.84  07.74  328.6  009.26  29.896  1023.687  1462.11 
2024 06 26 16 47 26.30  28.609  04.493  0000.87  10.36  07.74  328.6  009.26  29.890  1023.681  1462.13 
2024 06 26 16 47 26.55  28.605  04.477  0000.89  10.42  07.74  328.6  009.29  29.900  1023.691  1462.08 
2024 06 26 16 47 26.80  28.613  04.481  0000.92  10.49  07.68  328.1  009.26  29.905  1023.695  1462.10 
2024 06 26 16 47 27.05  28.661  04.543  0000.97  10.99  07.69  328.1  009.26  29.904  1023.688  1462.36 
2024 06 26 16 47 27.30  28.694  04.555  0001.01  11.08  07.69  328.1  009.26  29.930  1023.708  1462.45 
2024 06 26 16 47 27.55  28.748  04.650  0001.14  10.76  07.69  328.1  009.26  29.908  1023.682  1462.81 
2024 06 26 16 47 27.80  28.801  04.691  0001.30  10.11  07.69  328.1  009.26  29.930  1023.696  1463.02 
2024 06 26 16 47 28.05  28.866  04.753  0001.56  09.37  07.69  328.1  009.26  29.950  1023.706  1463.30 
2024 06 26 16 47 28.30  28.920  04.809  0001.91  09.13  07.69  328.1  009.26  29.960  1023.711  1463.56 
2024 06 26 16 47 28.55  28.988  04.874  0002.26  08.63  07.69  328.1  009.23  29.979  1023.721  1463.85 
2024 06 26 16 47 28.80  29.033  04.919  0002.70  08.25  07.74  328.1  009.26  29.990  1023.727  1464.06 
2024 06 26 16 47 29.05  29.081  04.964  0003.09  08.50  07.73  328.1  009.23  30.003  1023.734  1464.27 
2024 06 26 16 47 29.30  29.113  04.993  0003.53  08.57  07.72  328.1  009.26  30.013  1023.741  1464.41 
2024 06 26 16 47 29.55  29.135  05.013  0003.96  08.44  07.74  328.1  009.26  30.020  1023.747  1464.51 
2024 06 26 16 47 29.80  29.143  05.022  0004.37  08.70  07.65  327.5  009.26  30.021  1023.748  1464.55 
2024 06 26 16 47 30.05  29.170  05.057  0004.84  08.71  07.66  327.5  009.26  30.020  1023.746  1464.70 
2024 06 26 16 47 30.30  29.263  05.157  0005.24  08.77  07.71  327.5  009.26  30.036  1023.750  1465.14 
2024 06 26 16 47 30.55  29.372  05.266  0005.69  08.57  07.72  327.5  009.26  30.060  1023.759  1465.63 
2024 06 26 16 47 30.80  29.434  05.304  0006.15  08.33  07.69  327.5  009.26  30.095  1023.786  1465.83 
2024 06 26 16 47 31.05  29.388  05.241  0006.55  08.21  07.77  327.5  009.26  30.101  1023.798  1465.59 
2024 06 26 16 47 31.30  29.550  05.461  0007.00  08.11  07.79  327.5  009.26  30.085  1023.765  1466.47 
2024 06 26 16 47 31.55  29.702  05.558  0007.43  07.76  07.78  327.5  009.26  30.169  1023.822  1466.98 
2024 06 26 16 47 31.80  29.880  05.770  0007.83  06.86  07.92  327.5  009.26  30.177  1023.807  1467.86 
2024 06 26 16 47 32.05  30.024  05.897  0008.25  06.18  07.89  327.5  009.26  30.224  1023.831  1468.44 
2024 06 26 16 47 32.30  30.045  05.895  0008.68  05.48  07.86  327.5  009.26  30.249  1023.853  1468.47 
2024 06 26 16 47 32.55  30.054  05.901  0009.11  05.08  07.80  327.5  009.26  30.253  1023.858  1468.50 
2024 06 26 16 47 32.80  30.105  05.954  0009.54  04.92  07.64  318.5  009.26  30.262  1023.861  1468.74 
2024 06 26 16 47 33.05  30.129  05.969  0009.94  04.67  07.67  318.5  009.26  30.276  1023.872  1468.82 
2024 06 26 16 47 33.30  30.144  05.985  0010.33  04.54  07.67  318.5  009.26  30.278  1023.873  1468.89 
2024 06 26 16 47 33.55  30.153  05.994  0010.77  04.43  07.67  318.5  009.26  30.279  1023.875  1468.94 
2024 06 26 16 47 33.80  30.281  06.149  0011.17  04.34  07.68  318.5  009.26  30.284  1023.863  1469.57 
2024 06 26 16 47 34.05  30.376  06.215  0011.64  04.16  07.67  318.5  009.26  30.329  1023.892  1469.90 
2024 06 26 16 47 34.30  30.411  06.245  0012.03  03.80  07.61  318.5  009.26  30.341  1023.900  1470.04 
2024 06 26 16 47 34.55  30.481  06.309  0012.49  03.59  07.64  318.5  009.23  30.361  1023.910  1470.33 
2024 06 26 16 47 34.80  30.549  06.347  0012.92  03.47  07.80  318.5  009.26  30.401  1023.939  1470.54 
2024 06 26 16 47 35.05  30.589  06.388  0013.36  03.19  07.71  318.5  009.23  30.408  1023.941  1470.72 
2024 06 26 16 47 35.30  30.618  06.411  0013.77  02.80  07.70  318.5  009.26  30.419  1023.950  1470.83 
2024 06 26 16 47 35.55  30.636  06.423  0014.16  02.66  07.71  318.5  009.26  30.428  1023.957  1470.89 
2024 06 26 16 47 35.80  30.653  06.438  0014.53  02.58  07.56  304.5  009.26  30.433  1023.961  1470.97 
2024 06 26 16 47 36.05  30.666  06.449  0014.95  02.50  07.60  304.5  009.26  30.437  1023.965  1471.02 
2024 06 26 16 47 36.30  30.678  06.459  0015.32  02.47  07.68  304.5  009.26  30.441  1023.969  1471.07 
2024 06 26 16 47 36.55  30.683  06.463  0015.72  02.45  07.68  304.5  009.26  30.443  1023.971  1471.10 
2024 06 26 16 47 36.80  30.710  06.488  0016.13  02.42  07.68  304.5  009.26  30.451  1023.976  1471.21 
2024 06 26 16 47 37.05  30.713  06.487  0016.49  02.35  07.70  304.5  009.26  30.454  1023.981  1471.22 
2024 06 26 16 47 37.30  30.714  06.484  0016.91  02.23  07.66  304.5  009.26  30.459  1023.986  1471.22 
2024 06 26 16 47 37.55  30.713  06.484  0017.28  02.14  07.62  304.5  009.26  30.457  1023.987  1471.22 
2024 06 26 16 47 37.80  30.715  06.485  0017.67  02.14  07.78  304.5  009.26  30.458  1023.990  1471.23 
2024 06 26 16 47 38.05  30.712  06.484  0018.08  02.13  07.75  304.5  009.26  30.456  1023.990  1471.23 
2024 06 26 16 47 38.30  30.710  06.479  0018.44  02.04  07.74  304.5  009.26  30.458  1023.994  1471.22 
2024 06 26 16 47 38.55  30.711  06.481  0018.83  02.01  07.74  304.5  009.26  30.457  1023.995  1471.23 
2024 06 26 16 47 38.80  30.710  06.478  0019.22  02.02  07.58  296.7  009.26  30.457  1023.997  1471.23 
2024 06 26 16 47 39.05  30.710  06.480  0019.57  02.02  07.64  296.7  009.26  30.456  1023.997  1471.24 
2024 06 26 16 47 39.30  30.710  06.482  0020.00  01.97  07.66  296.7  009.26  30.454  1023.997  1471.25 
2024 06 26 16 47 39.55  30.712  06.481  0020.37  01.98  07.68  296.7  009.26  30.457  1024.002  1471.26 
2024 06 26 16 47 39.80  30.713  06.481  0020.75  02.01  07.68  296.7  009.26  30.458  1024.004  1471.27 
2024 06 26 16 47 40.05  30.715  06.486  0021.14  02.00  07.69  296.7  009.26  30.456  1024.004  1471.29 
2024 06 26 16 47 40.30  30.726  06.495  0021.49  01.97  07.69  296.7  009.26  30.460  1024.007  1471.34 
2024 06 26 16 47 40.55  30.734  06.501  0021.92  01.98  07.71  296.7  009.26  30.462  1024.010  1471.37 
2024 06 26 16 47 40.80  30.736  06.501  0022.31  02.04  07.83  296.7  009.26  30.464  1024.014  1471.38 
2024 06 26 16 47 41.05  30.734  06.503  0022.68  01.87  07.80  296.7  009.26  30.460  1024.012  1471.39 
2024 06 26 16 47 41.30  30.743  06.507  0023.08  01.96  07.77  296.7  009.26  30.467  1024.019  1471.42 
2024 06 26 16 47 41.55  30.764  06.523  0023.44  01.88  07.76  296.7  009.26  30.475  1024.024  1471.50 
2024 06 26 16 47 41.80  30.767  06.524  0023.83  01.90  07.61  294.9  009.26  30.477  1024.028  1471.51 
2024 06 26 16 47 42.05  30.768  06.525  0024.24  01.94  07.66  294.9  009.26  30.477  1024.030  1471.52 
2024 06 26 16 47 42.30  30.768  06.525  0024.60  01.80  07.68  294.9  009.26  30.477  1024.032  1471.53 
2024 06 26 16 47 42.55  30.768  06.524  0024.98  01.80  07.69  294.9  009.26  30.478  1024.034  1471.53 
2024 06 26 16 47 42.80  30.773  06.529  0025.39  01.84  07.70  294.9  009.26  30.479  1024.036  1471.56 
2024 06 26 16 47 43.05  30.784  06.540  0025.73  01.88  07.70  294.9  009.26  30.480  1024.037  1471.61 
2024 06 26 16 47 43.30  30.790  06.544  0026.14  01.80  07.71  294.9  009.26  30.484  1024.042  1471.64 
2024 06 26 16 47 43.55  30.793  06.546  0026.52  01.83  07.71  294.9  009.26  30.485  1024.044  1471.65 
2024 06 26 16 47 43.80  30.795  06.548  0026.92  01.76  07.84  294.9  009.26  30.485  1024.046  1471.67 
2024 06 26 16 47 44.05  30.804  06.560  0027.30  01.82  07.81  294.9  009.26  30.484  1024.045  1471.72 
2024 06 26 16 47 44.30  30.853  06.612  0027.67  01.78  07.78  294.9  009.26  30.491  1024.046  1471.94 
2024 06 26 16 47 44.55  30.898  06.638  0028.09  01.68  07.83  294.9  009.26  30.517  1024.065  1472.08 
2024 06 26 16 47 44.80  30.901  06.641  0028.50  01.63  07.65  294.5  009.26  30.517  1024.067  1472.10 
2024 06 26 16 47 45.05  30.905  06.644  0028.84  01.65  07.72  294.5  009.26  30.520  1024.070  1472.12 
2024 06 26 16 47 45.30  30.911  06.648  0029.26  01.66  07.68  294.5  009.26  30.522  1024.073  1472.15 
2024 06 26 16 47 45.55  30.933  06.669  0029.61  01.66  07.67  294.5  009.26  30.526  1024.076  1472.24 
2024 06 26 16 47 45.80  30.977  06.710  0030.01  01.66  07.71  294.5  009.26  30.538  1024.082  1472.42 
2024 06 26 16 47 46.05  31.015  06.741  0030.42  01.66  07.73  294.5  009.26  30.552  1024.091  1472.57 
2024 06 26 16 47 46.30  31.044  06.764  0030.80  01.63  07.78  294.5  009.26  30.562  1024.098  1472.68 
2024 06 26 16 47 46.55  31.052  06.766  0031.17  01.56  07.75  294.5  009.23  30.569  1024.104  1472.70 
2024 06 26 16 47 46.80  31.078  06.798  0031.54  01.50  07.90  294.5  009.26  30.569  1024.102  1472.83 
2024 06 26 16 47 47.05  31.124  06.837  0031.96  01.47  07.86  294.5  009.26  30.585  1024.111  1473.01 
2024 06 26 16 47 47.30  31.157  06.865  0032.35  01.42  07.75  294.5  009.26  30.595  1024.117  1473.14 
2024 06 26 16 47 47.55  31.171  06.872  0032.72  01.39  07.78  294.5  009.26  30.604  1024.125  1473.19 
2024 06 26 16 47 47.80  31.181  06.873  0033.13  01.36  07.69  293.4  009.26  30.614  1024.135  1473.21 
2024 06 26 16 47 48.05  31.069  06.841  0033.51  01.34  07.64  293.4  009.26  30.520  1024.067  1472.97 
2024 06 26 16 47 48.30  31.032  06.838  0033.92  01.35  07.68  293.4  009.26  30.482  1024.040  1472.92 
2024 06 26 16 47 48.55  31.136  06.833  0034.32  01.49  07.75  293.4  009.26  30.600  1024.134  1473.06 
2024 06 26 16 47 48.80  31.200  06.897  0034.70  01.38  07.67  293.4  009.26  30.613  1024.138  1473.33 
2024 06 26 16 47 49.05  31.215  06.907  0035.11  01.29  07.76  293.4  009.26  30.620  1024.144  1473.38 
2024 06 26 16 47 49.30  31.260  06.956  0035.52  01.24  07.69  293.4  009.26  30.625  1024.144  1473.59 
2024 06 26 16 47 49.55  31.306  06.995  0035.90  01.30  07.74  293.4  009.26  30.639  1024.152  1473.77 
2024 06 26 16 47 49.80  31.319  07.007  0036.30  01.26  07.90  293.4  009.26  30.643  1024.156  1473.82 
2024 06 26 16 47 50.05  31.342  07.029  0036.67  01.20  07.82  293.4  009.23  30.648  1024.158  1473.92 
2024 06 26 16 47 50.30  31.404  07.084  0037.08  01.19  07.76  293.4  009.23  30.665  1024.166  1474.17 
2024 06 26 16 47 50.55  31.423  07.099  0037.49  01.13  07.83  293.4  009.26  30.672  1024.171  1474.24 
2024 06 26 16 47 50.80  31.471  07.152  0037.88  01.14  07.68  290.8  009.26  30.677  1024.171  1474.46 
2024 06 26 16 47 51.05  31.567  07.243  0038.27  01.16  07.63  290.8  009.26  30.699  1024.178  1474.85 
2024 06 26 16 47 51.30  31.627  07.289  0038.67  01.02  07.73  290.8  009.26  30.724  1024.192  1475.06 
2024 06 26 16 47 51.55  31.638  07.301  0039.08  00.98  07.76  290.8  009.26  30.724  1024.193  1475.12 
2024 06 26 16 47 51.80  31.649  07.305  0039.47  00.93  07.75  290.8  009.26  30.732  1024.200  1475.15 
2024 06 26 16 47 52.05  31.684  07.346  0039.86  00.90  07.62  290.8  009.26  30.733  1024.198  1475.32 
2024 06 26 16 47 52.30  31.715  07.372  0040.27  00.88  07.77  290.8  009.26  30.743  1024.204  1475.44 
2024 06 26 16 47 52.55  31.776  07.443  0040.67  00.91  07.78  290.8  009.26  30.746  1024.199  1475.72 
2024 06 26 16 47 52.80  31.829  07.481  0041.09  00.90  07.91  290.8  009.26  30.768  1024.213  1475.90 
2024 06 26 16 47 53.05  31.854  07.501  0041.51  00.83  07.83  290.8  009.26  30.778  1024.220  1476.00 
2024 06 26 16 47 53.30  31.859  07.500  0041.86  00.83  07.78  290.8  009.26  30.783  1024.226  1476.01 
2024 06 26 16 47 53.55  31.860  07.501  0042.32  00.76  07.75  290.8  009.26  30.783  1024.228  1476.02 
2024 06 26 16 47 53.80  31.868  07.509  0042.69  00.73  07.54  283.2  009.26  30.784  1024.229  1476.06 
2024 06 26 16 47 54.05  31.871  07.506  0043.11  00.71  07.70  283.2  009.26  30.790  1024.236  1476.06 
2024 06 26 16 47 54.30  31.856  07.489  0043.53  00.69  07.72  283.2  009.26  30.789  1024.240  1476.00 
2024 06 26 16 47 54.55  31.853  07.484  0043.90  00.74  07.63  283.2  009.26  30.790  1024.243  1475.99 
2024 06 26 16 47 54.80  31.847  07.478  0044.32  00.68  07.66  283.2  009.26  30.789  1024.245  1475.97 
2024 06 26 16 47 55.05  31.847  07.479  0044.74  00.70  07.71  283.2  009.26  30.788  1024.246  1475.98 
2024 06 26 16 47 55.30  31.853  07.484  0045.15  00.76  07.70  283.2  009.26  30.790  1024.248  1476.01 
2024 06 26 16 47 55.55  31.853  07.482  0045.58  00.71  07.79  283.2  009.26  30.792  1024.252  1476.01 
2024 06 26 16 47 55.80  31.864  07.497  0045.97  00.67  07.81  283.2  009.26  30.790  1024.250  1476.07 
2024 06 26 16 47 56.05  31.886  07.514  0046.38  00.73  07.90  283.2  009.26  30.798  1024.256  1476.15 
2024 06 26 16 47 56.30  31.915  07.547  0046.81  00.69  07.87  283.2  009.26  30.799  1024.254  1476.29 
2024 06 26 16 47 56.55  31.935  07.558  0047.18  00.64  07.80  283.2  009.26  30.810  1024.263  1476.35 
2024 06 26 16 47 56.80  31.948  07.566  0047.59  00.64  07.69  276.5  009.26  30.817  1024.270  1476.40 
2024 06 26 16 47 57.05  31.950  07.567  0047.92  00.65  07.75  276.5  009.26  30.818  1024.272  1476.41 
2024 06 26 16 47 57.30  31.951  07.564  0048.10  00.62  07.71  276.5  009.26  30.821  1024.275  1476.40 
2024 06 26 16 47 57.55  31.947  07.564  0048.16  00.61  07.77  276.5  009.26  30.818  1024.273  1476.40 
2024 06 26 16 47 57.80  31.949  07.564  0048.07  00.61  07.70  276.5  009.26  30.820  1024.275  1476.40 
2024 06 26 16 47 58.05  31.946  07.561  0048.02  00.59  07.80  276.5  009.26  30.819  1024.273  1476.39 
2024 06 26 16 47 58.30  31.941  07.558  0048.02  00.63  07.74  276.5  009.26  30.817  1024.273  1476.37 
2024 06 26 16 47 58.55  31.939  07.558  0048.06  00.60  07.74  276.5  009.26  30.814  1024.270  1476.37 
2024 06 26 16 47 58.80  31.947  07.565  0048.12  00.55  07.84  276.5  009.26  30.817  1024.272  1476.40 
2024 06 26 16 47 59.05  31.947  07.565  0048.15  00.69  07.82  276.5  009.23  30.817  1024.272  1476.40 
2024 06 26 16 47 59.30  31.948  07.562  0048.14  00.70  07.80  276.5  009.26  30.820  1024.275  1476.40 
2024 06 26 16 47 59.55  31.947  07.564  0048.14  00.69  07.78  276.5  009.26  30.818  1024.273  1476.40 
2024 06 26 16 47 59.80  31.947  07.563  0048.13  00.65  07.69  273.3  009.26  30.819  1024.274  1476.40 
2024 06 26 16 48 00.05  31.949  07.564  0048.14  00.62  07.71  273.3  009.26  30.819  1024.274  1476.40 
2024 06 26 16 48 00.30  31.947  07.563  0048.14  00.57  07.72  273.3  009.26  30.818  1024.273  1476.40 
2024 06 26 16 48 00.55  31.948  07.564  0048.15  00.60  07.73  273.3  009.26  30.819  1024.274  1476.40 
2024 06 26 16 48 00.80  31.947  07.564  0048.20  00.56  07.73  273.3  009.26  30.818  1024.274  1476.40 
2024 06 26 16 48 01.05  31.947  07.563  0048.19  00.59  07.72  273.3  009.26  30.818  1024.273  1476.40 
2024 06 26 16 48 01.30  31.947  07.564  0048.20  00.59  07.74  273.3  009.26  30.817  1024.273  1476.40 
2024 06 26 16 48 01.55  31.947  07.564  0048.22  00.55  07.74  273.3  009.23  30.818  1024.274  1476.40 
2024 06 26 16 48 01.80  31.946  07.565  0048.22  00.54  07.85  273.3  009.23  30.816  1024.272  1476.40 
2024 06 26 16 48 02.05  31.945  07.564  0048.22  00.60  07.82  273.3  009.26  30.816  1024.272  1476.40 
2024 06 26 16 48 02.30  31.943  07.562  0048.22  00.72  07.80  273.3  009.23  30.815  1024.271  1476.39 
2024 06 26 16 48 02.55  31.944  07.561  0048.22  00.67  07.79  273.3  009.26  30.817  1024.273  1476.39 
2024 06 26 16 48 02.80  31.944  07.563  0048.24  00.66  07.69  272.6  009.26  30.815  1024.271  1476.40 
2024 06 26 16 48 03.05  31.947  07.564  0048.27  00.61  07.71  272.6  009.26  30.818  1024.274  1476.40 
2024 06 26 16 48 03.30  31.947  07.564  0048.31  00.57  07.72  272.6  009.26  30.817  1024.273  1476.40 
2024 06 26 16 48 03.55  31.944  07.563  0048.31  00.61  07.73  272.6  009.26  30.816  1024.272  1476.39 
2024 06 26 16 48 03.80  31.945  07.562  0048.30  00.62  07.73  272.6  009.26  30.818  1024.274  1476.39 
2024 06 26 16 48 04.05  31.947  07.561  0048.30  00.62  07.74  272.6  009.26  30.820  1024.276  1476.39 
2024 06 26 16 48 04.30  31.943  07.558  0048.29  00.59  07.74  272.6  009.26  30.819  1024.275  1476.38 
2024 06 26 16 48 04.55  31.941  07.561  0048.29  00.57  07.75  272.6  009.26  30.814  1024.271  1476.38 
2024 06 26 16 48 04.80  31.945  07.563  0048.33  00.64  07.85  272.6  009.26  30.816  1024.273  1476.40 
2024 06 26 16 48 05.05  31.944  07.562  0048.37  00.67  07.82  272.6  009.26  30.817  1024.273  1476.39 
2024 06 26 16 48 05.30  31.943  07.562  0048.38  00.60  07.81  272.6  009.26  30.815  1024.272  1476.39 
2024 06 26 16 48 05.55  31.943  07.561  0048.38  00.64  07.80  272.6  009.26  30.817  1024.274  1476.39 
2024 06 26 16 48 05.80  31.945  07.562  0048.34  00.62  07.69  272.0  009.26  30.817  1024.274  1476.39 
2024 06 26 16 48 06.05  31.947  07.563  0048.34  00.63  07.72  272.0  009.26  30.818  1024.274  1476.40 
2024 06 26 16 48 06.30  31.943  07.563  0048.35  00.61  07.73  272.0  009.26  30.815  1024.272  1476.39 
2024 06 26 16 48 06.55  31.947  07.562  0048.41  00.58  07.73  272.0  009.26  30.819  1024.275  1476.40 
2024 06 26 16 48 06.80  31.946  07.564  0048.44  00.58  07.74  272.0  009.26  30.816  1024.273  1476.40 
2024 06 26 16 48 07.05  31.943  07.564  0048.47  00.59  07.74  272.0  009.26  30.814  1024.271  1476.40 
2024 06 26 16 48 07.30  31.945  07.563  0048.46  00.62  07.75  272.0  009.26  30.817  1024.274  1476.40 
2024 06 26 16 48 07.55  31.947  07.562  0048.42  00.62  07.72  272.0  009.26  30.819  1024.276  1476.40 
2024 06 26 16 48 07.80  31.944  07.562  0048.42  00.62  07.85  272.0  009.26  30.817  1024.273  1476.39 
2024 06 26 16 48 08.05  31.943  07.562  0048.42  00.59  07.83  272.0  009.26  30.814  1024.272  1476.39 
2024 06 26 16 48 08.30  31.947  07.563  0048.46  00.63  07.81  272.0  009.23  30.819  1024.275  1476.40 
2024 06 26 16 48 08.55  31.947  07.561  0048.53  00.59  07.80  272.0  009.26  30.820  1024.277  1476.40 
2024 06 26 16 48 08.80  31.945  07.563  0048.56  00.66  07.70  271.9  009.26  30.816  1024.274  1476.40 
2024 06 26 16 48 09.05  31.943  07.562  0048.55  00.55  07.72  271.9  009.26  30.814  1024.272  1476.40 
2024 06 26 16 48 09.30  31.945  07.562  0048.55  00.56  07.73  271.9  009.26  30.817  1024.275  1476.40 
2024 06 26 16 48 09.55  31.944  07.559  0048.46  00.65  07.74  271.9  009.26  30.819  1024.276  1476.39 
2024 06 26 16 48 09.80  31.941  07.560  0048.42  00.59  07.74  271.9  009.26  30.815  1024.273  1476.38 
2024 06 26 16 48 10.05  31.941  07.560  0048.47  00.62  07.75  271.9  009.26  30.815  1024.273  1476.39 
2024 06 26 16 48 10.30  31.946  07.560  0048.54  00.66  07.75  271.9  009.26  30.820  1024.277  1476.39 
2024 06 26 16 48 10.55  31.945  07.563  0048.59  00.59  07.76  271.9  009.26  30.816  1024.274  1476.40 
2024 06 26 16 48 10.80  31.944  07.562  0048.63  00.59  07.86  271.9  009.26  30.817  1024.275  1476.40 
2024 06 26 16 48 11.05  31.943  07.562  0048.62  00.54  07.83  271.9  009.26  30.816  1024.274  1476.40 
2024 06 26 16 48 11.30  31.943  07.559  0048.59  00.58  07.82  271.9  009.26  30.817  1024.275  1476.39 
2024 06 26 16 48 11.55  31.942  07.557  0048.58  00.50  07.81  271.9  009.26  30.819  1024.277  1476.38 
2024 06 26 16 48 11.80  31.944  07.560  0048.63  00.61  07.71  271.8  009.26  30.818  1024.276  1476.39 
2024 06 26 16 48 12.05  31.947  07.563  0048.77  00.62  07.73  271.8  009.26  30.818  1024.276  1476.40 
2024 06 26 16 48 12.30  31.943  07.563  0048.85  00.61  07.74  271.8  009.26  30.814  1024.273  1476.40 
2024 06 26 16 48 12.55  31.944  07.561  0048.84  00.58  07.75  271.8  009.26  30.818  1024.276  1476.40 
2024 06 26 16 48 12.80  31.944  07.559  0048.84  00.62  07.75  271.8  009.26  30.819  1024.278  1476.39 
2024 06 26 16 48 13.05  31.943  07.558  0048.87  00.67  07.75  271.8  009.26  30.818  1024.277  1476.39 
2024 06 26 16 48 13.30  31.944  07.563  0048.87  00.61  07.76  271.8  009.26  30.816  1024.275  1476.40 
2024 06 26 16 48 13.55  31.942  07.560  0048.87  00.64  07.76  271.8  009.26  30.816  1024.275  1476.39 
2024 06 26 16 48 13.80  31.943  07.562  0048.88  00.67  07.86  271.8  009.26  30.815  1024.275  1476.40 
2024 06 26 16 48 14.05  31.947  07.562  0048.95  00.62  07.84  271.8  009.26  30.819  1024.277  1476.41 
2024 06 26 16 48 14.30  31.945  07.561  0049.03  00.62  07.82  271.8  009.23  30.818  1024.278  1476.40 
2024 06 26 16 48 14.55  31.946  07.560  0049.10  00.65  07.81  271.8  009.26  30.820  1024.280  1476.40 
2024 06 26 16 48 14.80  31.946  07.559  0049.12  00.64  07.69  271.7  009.26  30.821  1024.280  1476.40 
2024 06 26 16 48 15.05  31.948  07.557  0049.11  00.66  07.74  271.7  009.26  30.825  1024.284  1476.40 
2024 06 26 16 48 15.30  31.943  07.556  0049.07  00.70  07.75  271.7  009.26  30.821  1024.281  1476.39 
2024 06 26 16 48 15.55  31.944  07.555  0049.06  00.74  07.75  271.7  009.29  30.822  1024.282  1476.39 
2024 06 26 16 48 15.80  31.943  07.554  0049.05  00.73  07.76  271.7  009.26  30.822  1024.282  1476.38 
2024 06 26 16 48 16.05  31.945  07.557  0049.08  00.67  07.76  271.7  009.26  30.821  1024.281  1476.39 
2024 06 26 16 48 16.30  31.947  07.557  0049.16  00.66  07.77  271.7  009.26  30.823  1024.283  1476.40 
2024 06 26 16 48 16.55  31.946  07.558  0049.17  00.63  07.70  271.7  009.26  30.821  1024.281  1476.40 
2024 06 26 16 48 16.80  31.947  07.556  0049.15  00.56  07.87  271.7  009.26  30.824  1024.283  1476.39 
2024 06 26 16 48 17.05  31.946  07.555  0049.14  00.57  07.85  271.7  009.26  30.824  1024.283  1476.39 
2024 06 26 16 48 17.30  31.944  07.555  0049.12  00.57  07.83  271.7  009.26  30.822  1024.282  1476.39 
2024 06 26 16 48 17.55  31.941  07.558  0049.11  00.60  07.82  271.7  009.26  30.816  1024.277  1476.39 
2024 06 26 16 48 17.80  31.944  07.558  0049.09  00.63  07.72  271.7  009.26  30.820  1024.280  1476.39 
2024 06 26 16 48 18.05  31.947  07.557  0049.12  00.66  07.74  271.7  009.26  30.823  1024.283  1476.39 
2024 06 26 16 48 18.30  31.950  07.559  0049.12  00.59  07.75  271.7  009.26  30.825  1024.284  1476.40 
2024 06 26 16 48 18.55  31.943  07.557  0049.13  00.54  07.75  271.7  009.26  30.819  1024.280  1476.39 
2024 06 26 16 48 18.80  31.946  07.556  0049.14  00.58  07.76  271.7  009.26  30.823  1024.283  1476.39 
2024 06 26 16 48 19.05  31.945  07.555  0049.12  00.59  07.76  271.7  009.26  30.823  1024.283  1476.39 
2024 06 26 16 48 19.30  31.944  07.555  0049.10  00.53  07.77  271.7  009.26  30.822  1024.282  1476.39 
2024 06 26 16 48 19.55  31.946  07.555  0049.07  00.57  07.77  271.7  009.26  30.824  1024.283  1476.39 
2024 06 26 16 48 19.80  31.942  07.555  0048.98  00.69  07.87  271.7  009.26  30.820  1024.280  1476.38 
2024 06 26 16 48 20.05  31.938  07.551  0048.80  00.66  07.84  271.7  009.26  30.819  1024.278  1476.36 
2024 06 26 16 48 20.30  31.939  07.554  0048.64  00.62  07.83  271.7  009.23  30.818  1024.277  1476.37 
2024 06 26 16 48 20.55  31.939  07.553  0048.54  00.67  07.82  271.7  009.26  30.818  1024.276  1476.36 
2024 06 26 16 48 20.80  31.941  07.554  0048.45  00.66  07.72  271.7  009.26  30.820  1024.278  1476.37 
2024 06 26 16 48 21.05  31.942  07.559  0048.38  00.66  07.75  271.7  009.26  30.816  1024.273  1476.38 
2024 06 26 16 48 21.30  31.940  07.556  0048.26  00.72  07.76  271.7  009.26  30.817  1024.274  1476.37 
2024 06 26 16 48 21.55  31.942  07.556  0048.14  00.67  07.76  271.7  009.26  30.820  1024.275  1476.37 
2024 06 26 16 48 21.80  31.939  07.555  0047.97  00.64  07.77  271.7  009.26  30.818  1024.273  1476.36 
2024 06 26 16 48 22.05  31.943  07.558  0047.76  00.65  07.77  271.7  009.26  30.818  1024.272  1476.37 
2024 06 26 16 48 22.30  31.943  07.559  0047.46  00.59  07.78  271.7  009.26  30.819  1024.271  1476.37 
2024 06 26 16 48 22.55  31.941  07.560  0047.28  00.62  07.79  271.7  009.26  30.815  1024.267  1476.37 
2024 06 26 16 48 22.80  31.943  07.560  0047.08  00.57  07.90  271.7  009.26  30.818  1024.268  1476.37 
2024 06 26 16 48 23.05  31.942  07.561  0046.84  00.61  07.88  271.7  009.23  30.816  1024.266  1476.36 
2024 06 26 16 48 23.30  31.943  07.560  0046.54  00.62  07.90  271.7  009.26  30.817  1024.266  1476.36 
2024 06 26 16 48 23.55  31.939  07.559  0046.22  00.63  07.88  271.7  009.26  30.814  1024.261  1476.35 
2024 06 26 16 48 23.80  31.927  07.546  0045.89  00.61  07.71  271.7  009.26  30.814  1024.262  1476.29 
2024 06 26 16 48 24.05  31.918  07.539  0045.61  00.71  07.83  271.7  009.26  30.810  1024.258  1476.25 
2024 06 26 16 48 24.30  31.915  07.541  0045.32  00.71  07.76  271.7  009.26  30.805  1024.253  1476.25 
2024 06 26 16 48 24.55  31.910  07.532  0045.06  00.67  07.67  271.7  009.26  30.808  1024.255  1476.21 
2024 06 26 16 48 24.80  31.904  07.528  0044.88  00.71  07.70  271.7  009.26  30.805  1024.253  1476.19 
2024 06 26 16 48 25.05  31.898  07.523  0044.79  00.69  07.79  271.7  009.26  30.803  1024.251  1476.17 
2024 06 26 16 48 25.30  31.877  07.506  0044.79  00.73  07.80  271.7  009.26  30.796  1024.248  1476.09 
2024 06 26 16 48 25.55  31.872  07.500  0044.74  00.71  07.77  271.7  009.26  30.795  1024.248  1476.07 
2024 06 26 16 48 25.80  31.876  07.503  0044.45  00.66  07.90  271.7  009.26  30.797  1024.248  1476.08 
2024 06 26 16 48 26.05  31.869  07.498  0044.12  00.71  07.92  271.7  009.26  30.794  1024.245  1476.05 
2024 06 26 16 48 26.30  31.859  07.492  0043.84  00.69  07.86  271.7  009.23  30.789  1024.240  1476.02 
2024 06 26 16 48 26.55  31.857  07.489  0043.70  00.73  07.84  271.7  009.26  30.791  1024.241  1476.00 
2024 06 26 16 48 26.80  31.853  07.482  0043.55  00.74  07.66  272.4  009.26  30.791  1024.242  1475.98 
2024 06 26 16 48 27.05  31.853  07.486  0043.30  00.73  07.76  272.4  009.26  30.789  1024.239  1475.98 
2024 06 26 16 48 27.30  31.855  07.487  0043.05  00.77  07.71  272.4  009.26  30.790  1024.238  1475.99 
2024 06 26 16 48 27.55  31.854  07.490  0042.79  00.77  07.80  272.4  009.26  30.787  1024.234  1475.99 
2024 06 26 16 48 27.80  31.856  07.492  0042.54  00.73  07.80  272.4  009.26  30.786  1024.232  1475.99 
2024 06 26 16 48 28.05  31.855  07.495  0042.29  00.71  07.80  272.4  009.26  30.784  1024.229  1475.99 
2024 06 26 16 48 28.30  31.841  07.496  0041.99  00.74  07.70  272.4  009.26  30.767  1024.214  1475.97 
2024 06 26 16 48 28.55  31.856  07.496  0041.73  00.71  07.83  272.4  009.26  30.784  1024.226  1475.99 
2024 06 26 16 48 28.80  31.857  07.496  0041.46  00.72  08.04  272.4  009.26  30.786  1024.226  1475.99 
2024 06 26 16 48 29.05  31.857  07.497  0041.20  00.74  07.91  272.4  009.23  30.785  1024.224  1475.99 
2024 06 26 16 48 29.30  31.857  07.497  0040.97  00.78  07.92  272.4  009.26  30.784  1024.223  1475.98 
2024 06 26 16 48 29.55  31.856  07.495  0040.71  00.78  07.87  272.4  009.26  30.785  1024.222  1475.97 
2024 06 26 16 48 29.80  31.855  07.496  0040.52  00.80  07.74  273.7  009.26  30.784  1024.220  1475.97 
2024 06 26 16 48 30.05  31.849  07.490  0040.26  00.79  07.71  273.7  009.26  30.782  1024.219  1475.94 
2024 06 26 16 48 30.30  31.843  07.486  0040.02  00.79  07.75  273.7  009.26  30.779  1024.216  1475.92 
2024 06 26 16 48 30.55  31.826  07.459  0039.77  00.82  07.75  273.7  009.26  30.785  1024.223  1475.82 
2024 06 26 16 48 30.80  31.818  07.461  0039.52  00.87  07.76  273.7  009.26  30.774  1024.213  1475.81 
2024 06 26 16 48 31.05  31.799  07.435  0039.26  00.89  07.70  273.7  009.26  30.779  1024.219  1475.71 
2024 06 26 16 48 31.30  31.775  07.427  0039.03  00.93  07.72  273.7  009.29  30.760  1024.204  1475.65 
2024 06 26 16 48 31.55  31.763  07.424  0038.77  00.95  07.74  273.7  009.26  30.750  1024.195  1475.62 
2024 06 26 16 48 31.80  31.719  07.381  0038.52  00.94  07.93  273.7  009.26  30.740  1024.192  1475.44 
2024 06 26 16 48 32.05  31.716  07.376  0038.28  00.95  07.92  273.7  009.26  30.741  1024.193  1475.42 
2024 06 26 16 48 32.30  31.675  07.336  0037.98  00.91  07.87  273.7  009.26  30.733  1024.191  1475.25 
2024 06 26 16 48 32.55  31.665  07.324  0037.69  01.02  07.85  273.7  009.26  30.733  1024.191  1475.19 
2024 06 26 16 48 32.80  31.609  07.278  0037.42  01.04  07.68  275.0  009.26  30.714  1024.181  1474.99 
2024 06 26 16 48 33.05  31.588  07.252  0037.18  00.98  07.73  275.0  009.26  30.715  1024.184  1474.89 
2024 06 26 16 48 33.30  31.551  07.181  0036.98  01.03  07.74  275.0  009.26  30.738  1024.210  1474.63 
2024 06 26 16 48 33.55  31.539  07.199  0036.78  01.13  07.86  275.0  009.26  30.709  1024.184  1474.67 
2024 06 26 16 48 33.80  31.523  07.185  0036.59  01.13  07.81  275.0  009.26  30.705  1024.182  1474.60 
2024 06 26 16 48 34.05  31.516  07.173  0036.35  01.20  07.82  275.0  009.26  30.708  1024.185  1474.55 
2024 06 26 16 48 34.30  31.446  07.104  0036.11  01.13  07.83  275.0  009.26  30.694  1024.181  1474.26 
2024 06 26 16 48 34.55  31.459  07.139  0035.90  01.12  07.82  275.0  009.26  30.676  1024.162  1474.37 
2024 06 26 16 48 34.80  31.404  07.074  0035.62  01.12  07.99  275.0  009.26  30.675  1024.169  1474.11 
2024 06 26 16 48 35.05  31.397  07.072  0035.44  01.21  07.99  275.0  009.26  30.669  1024.163  1474.10 
2024 06 26 16 48 35.30  31.378  07.063  0035.21  01.18  07.90  275.0  009.26  30.657  1024.154  1474.04 
2024 06 26 16 48 35.55  31.352  07.038  0035.01  01.22  07.88  275.0  009.26  30.651  1024.152  1473.93 
2024 06 26 16 48 35.80  31.358  07.035  0034.76  01.29  07.69  278.9  009.26  30.660  1024.158  1473.93 
2024 06 26 16 48 36.05  31.330  07.006  0034.51  01.29  07.68  278.9  009.26  30.656  1024.158  1473.81 
2024 06 26 16 48 36.30  31.334  07.020  0034.31  01.31  07.72  278.9  009.26  30.649  1024.149  1473.85 
2024 06 26 16 48 36.55  31.325  07.010  0034.11  01.26  07.74  278.9  009.26  30.647  1024.148  1473.81 
2024 06 26 16 48 36.80  31.309  06.991  0033.91  01.21  07.76  278.9  009.26  30.647  1024.149  1473.73 
2024 06 26 16 48 37.05  31.300  06.986  0033.76  01.41  07.77  278.9  009.26  30.642  1024.145  1473.70 
2024 06 26 16 48 37.30  31.289  06.976  0033.59  01.42  07.78  278.9  009.26  30.639  1024.144  1473.65 
2024 06 26 16 48 37.55  31.284  06.965  0033.39  01.52  07.78  278.9  009.26  30.644  1024.148  1473.61 
2024 06 26 16 48 37.80  31.260  06.942  0033.14  01.46  07.96  278.9  009.26  30.638  1024.145  1473.51 
2024 06 26 16 48 38.05  31.252  06.940  0032.91  01.40  07.93  278.9  009.26  30.632  1024.139  1473.49 
2024 06 26 16 48 38.30  31.229  06.909  0032.68  01.37  07.91  278.9  009.26  30.634  1024.144  1473.37 
2024 06 26 16 48 38.55  31.202  06.893  0032.46  01.36  07.89  278.9  009.26  30.618  1024.133  1473.29 
2024 06 26 16 48 38.80  31.199  06.892  0032.29  01.33  07.70  283.4  009.26  30.617  1024.131  1473.27 
2024 06 26 16 48 39.05  31.197  06.889  0032.06  01.31  07.74  283.4  009.26  30.617  1024.131  1473.26 
2024 06 26 16 48 39.30  31.190  06.884  0031.86  01.45  07.76  283.4  009.26  30.615  1024.128  1473.23 
2024 06 26 16 48 39.55  31.187  06.883  0031.69  01.45  07.78  283.4  009.26  30.612  1024.126  1473.22 
2024 06 26 16 48 39.80  31.174  06.863  0031.52  01.53  07.78  283.4  009.26  30.616  1024.131  1473.15 
2024 06 26 16 48 40.05  31.168  06.857  0031.31  01.40  07.79  283.4  009.26  30.614  1024.129  1473.12 
2024 06 26 16 48 40.30  31.151  06.850  0031.06  01.45  07.87  283.4  009.26  30.602  1024.119  1473.07 
2024 06 26 16 48 40.55  31.140  06.845  0030.84  01.44  07.87  283.4  009.26  30.596  1024.114  1473.04 
2024 06 26 16 48 40.80  31.123  06.818  0030.62  01.65  07.95  283.4  009.26  30.601  1024.120  1472.94 
2024 06 26 16 48 41.05  31.116  06.826  0030.43  01.59  07.99  283.4  009.26  30.586  1024.107  1472.95 
2024 06 26 16 48 41.30  31.103  06.804  0030.22  01.60  07.88  283.4  009.26  30.592  1024.113  1472.86 
2024 06 26 16 48 41.55  31.073  06.782  0030.03  01.49  07.87  283.4  009.26  30.579  1024.105  1472.76 
2024 06 26 16 48 41.80  31.069  06.784  0029.83  01.54  07.69  286.7  009.26  30.573  1024.099  1472.76 
2024 06 26 16 48 42.05  31.051  06.769  0029.65  01.68  07.74  286.7  009.26  30.567  1024.095  1472.69 
2024 06 26 16 48 42.30  31.053  06.762  0029.43  01.65  07.85  286.7  009.26  30.575  1024.101  1472.66 
2024 06 26 16 48 42.55  31.029  06.745  0029.18  01.67  07.75  286.7  009.26  30.564  1024.094  1472.58 
2024 06 26 16 48 42.80  31.027  06.747  0028.96  01.53  07.75  286.7  009.26  30.560  1024.089  1472.58 
2024 06 26 16 48 43.05  31.009  06.732  0028.76  01.62  07.77  286.7  009.26  30.554  1024.086  1472.51 
2024 06 26 16 48 43.30  30.990  06.712  0028.60  01.74  07.79  286.7  009.26  30.551  1024.085  1472.43 
2024 06 26 16 48 43.55  30.978  06.701  0028.48  01.75  07.79  286.7  009.26  30.548  1024.083  1472.38 
2024 06 26 16 48 43.80  30.968  06.695  0028.29  01.69  07.97  286.7  009.23  30.543  1024.079  1472.34 
2024 06 26 16 48 44.05  30.964  06.691  0028.14  01.78  08.02  286.7  009.26  30.542  1024.078  1472.32 
2024 06 26 16 48 44.30  30.924  06.658  0027.90  01.77  07.97  286.7  009.26  30.528  1024.070  1472.17 
2024 06 26 16 48 44.55  30.909  06.642  0027.72  01.78  07.84  286.7  009.26  30.525  1024.069  1472.10 
2024 06 26 16 48 44.80  30.932  06.651  0027.63  01.75  07.67  289.3  009.26  30.542  1024.081  1472.16 
2024 06 26 16 48 45.05  30.922  06.648  0027.43  01.79  07.73  289.3  009.26  30.535  1024.075  1472.13 
2024 06 26 16 48 45.30  30.905  06.646  0027.25  01.78  07.85  289.3  009.26  30.518  1024.061  1472.10 
2024 06 26 16 48 45.55  30.886  06.634  0027.09  01.74  07.75  289.3  009.26  30.509  1024.055  1472.04 
2024 06 26 16 48 45.80  30.888  06.628  0026.96  01.76  07.76  289.3  009.26  30.515  1024.060  1472.02 
2024 06 26 16 48 46.05  30.866  06.606  0026.92  01.90  07.78  289.3  009.26  30.511  1024.059  1471.93 
2024 06 26 16 48 46.30  30.827  06.573  0026.84  01.96  07.88  289.3  009.26  30.498  1024.053  1471.78 
2024 06 26 16 48 46.55  30.837  06.583  0026.65  02.00  07.86  289.3  009.26  30.500  1024.052  1471.82 
2024 06 26 16 48 46.80  30.830  06.575  0026.40  01.77  07.95  289.3  009.26  30.499  1024.051  1471.78 
2024 06 26 16 48 47.05  30.819  06.572  0026.26  01.69  07.92  289.3  009.26  30.491  1024.044  1471.76 
2024 06 26 16 48 47.30  30.819  06.569  0026.08  01.81  07.99  289.3  009.26  30.492  1024.045  1471.75 
2024 06 26 16 48 47.55  30.808  06.562  0025.86  01.93  07.96  289.3  009.26  30.488  1024.042  1471.71 
2024 06 26 16 48 47.80  30.808  06.559  0025.67  01.89  07.76  291.7  009.26  30.490  1024.043  1471.69 
2024 06 26 16 48 48.05  30.804  06.556  0025.47  01.86  07.77  291.7  009.26  30.489  1024.041  1471.68 
2024 06 26 16 48 48.30  30.796  06.550  0025.24  01.88  07.72  291.7  009.26  30.486  1024.038  1471.65 
2024 06 26 16 48 48.55  30.797  06.550  0025.04  01.87  07.75  291.7  009.26  30.487  1024.038  1471.65 
2024 06 26 16 48 48.80  30.792  06.545  0024.86  01.85  07.77  291.7  009.26  30.486  1024.037  1471.62 
2024 06 26 16 48 49.05  30.793  06.546  0024.67  01.93  07.83  291.7  009.26  30.486  1024.036  1471.62 
2024 06 26 16 48 49.30  30.790  06.542  0024.46  01.97  07.80  291.7  009.26  30.486  1024.036  1471.61 
2024 06 26 16 48 49.55  30.788  06.543  0024.26  02.04  07.80  291.7  009.26  30.483  1024.032  1471.60 
2024 06 26 16 48 49.80  30.785  06.541  0024.04  02.16  07.97  291.7  009.26  30.483  1024.031  1471.59 
2024 06 26 16 48 50.05  30.781  06.536  0023.83  01.93  07.94  291.7  009.26  30.482  1024.030  1471.56 
2024 06 26 16 48 50.30  30.781  06.537  0023.64  01.90  08.07  291.7  009.26  30.481  1024.028  1471.56 
2024 06 26 16 48 50.55  30.780  06.537  0023.46  01.94  07.92  291.7  009.26  30.480  1024.027  1471.56 
2024 06 26 16 48 50.80  30.780  06.536  0023.34  02.09  07.82  294.1  009.26  30.481  1024.027  1471.56 
2024 06 26 16 48 51.05  30.778  06.534  0023.21  02.12  07.77  294.1  009.26  30.481  1024.027  1471.55 
2024 06 26 16 48 51.30  30.777  06.532  0023.06  01.97  07.87  294.1  009.26  30.481  1024.027  1471.54 
2024 06 26 16 48 51.55  30.777  06.533  0022.84  02.04  07.79  294.1  009.26  30.481  1024.026  1471.54 
2024 06 26 16 48 51.80  30.777  06.532  0022.60  02.07  07.80  294.1  009.26  30.482  1024.025  1471.53 
2024 06 26 16 48 52.05  30.774  06.532  0022.42  01.90  07.72  294.1  009.26  30.479  1024.022  1471.52 
2024 06 26 16 48 52.30  30.773  06.531  0022.26  01.99  07.74  294.1  009.26  30.479  1024.021  1471.52 
2024 06 26 16 48 52.55  30.771  06.529  0022.14  01.96  07.85  294.1  009.26  30.478  1024.020  1471.51 
2024 06 26 16 48 52.80  30.772  06.528  0021.98  01.98  07.95  294.1  009.26  30.480  1024.021  1471.50 
2024 06 26 16 48 53.05  30.771  06.528  0021.83  01.96  07.95  294.1  009.26  30.479  1024.020  1471.50 
2024 06 26 16 48 53.30  30.771  06.529  0021.64  01.96  07.98  294.1  009.26  30.478  1024.018  1471.50 
2024 06 26 16 48 53.55  30.770  06.528  0021.41  01.82  07.90  294.1  009.26  30.479  1024.018  1471.49 
2024 06 26 16 48 53.80  30.769  06.527  0021.21  01.85  07.68  294.5  009.29  30.478  1024.016  1471.48 
2024 06 26 16 48 54.05  30.769  06.526  0021.05  01.99  07.74  294.5  009.26  30.479  1024.016  1471.48 
2024 06 26 16 48 54.30  30.766  06.525  0020.92  01.95  07.85  294.5  009.26  30.477  1024.014  1471.47 
2024 06 26 16 48 54.55  30.764  06.524  0020.78  01.98  07.80  294.5  009.26  30.475  1024.012  1471.46 
2024 06 26 16 48 54.80  30.762  06.524  0020.65  02.11  07.78  294.5  009.26  30.474  1024.011  1471.46 
2024 06 26 16 48 55.05  30.761  06.523  0020.46  02.19  07.79  294.5  009.26  30.474  1024.010  1471.45 
2024 06 26 16 48 55.30  30.760  06.523  0020.18  02.02  07.89  294.5  009.26  30.472  1024.007  1471.44 
2024 06 26 16 48 55.55  30.754  06.518  0019.97  01.95  07.81  294.5  009.26  30.471  1024.006  1471.42 
2024 06 26 16 48 55.80  30.750  06.512  0019.76  01.98  08.00  294.5  009.26  30.472  1024.007  1471.39 
2024 06 26 16 48 56.05  30.748  06.510  0019.60  01.90  07.94  294.5  009.26  30.471  1024.006  1471.38 
2024 06 26 16 48 56.30  30.743  06.508  0019.46  02.16  07.93  294.5  009.26  30.468  1024.003  1471.36 
2024 06 26 16 48 56.55  30.742  06.505  0019.33  02.17  07.90  294.5  009.26  30.469  1024.004  1471.35 
2024 06 26 16 48 56.80  30.742  06.504  0019.14  02.17  07.72  294.5  009.26  30.469  1024.003  1471.35 
2024 06 26 16 48 57.05  30.739  06.504  0018.91  02.08  07.77  294.5  009.26  30.467  1024.000  1471.34 
2024 06 26 16 48 57.30  30.733  06.500  0018.63  02.14  07.85  294.5  009.26  30.463  1023.996  1471.32 
2024 06 26 16 48 57.55  30.732  06.502  0018.43  02.09  07.80  294.5  009.26  30.461  1023.993  1471.32 
2024 06 26 16 48 57.80  30.731  06.497  0018.25  02.04  07.82  294.5  009.26  30.465  1023.996  1471.30 
2024 06 26 16 48 58.05  30.729  06.495  0018.06  02.01  07.83  294.5  009.26  30.464  1023.995  1471.29 
2024 06 26 16 48 58.30  30.726  06.495  0017.90  02.08  07.81  294.5  009.26  30.462  1023.992  1471.28 
2024 06 26 16 48 58.55  30.722  06.491  0017.71  02.02  07.88  294.5  009.26  30.460  1023.991  1471.26 
2024 06 26 16 48 58.80  30.722  06.493  0017.51  02.29  07.98  294.5  009.26  30.459  1023.988  1471.26 
2024 06 26 16 48 59.05  30.721  06.491  0017.27  02.17  07.95  294.5  009.26  30.459  1023.987  1471.25 
2024 06 26 16 48 59.30  30.722  06.491  0017.04  02.28  08.00  294.5  009.26  30.460  1023.987  1471.25 
2024 06 26 16 48 59.55  30.722  06.492  0016.80  02.30  07.93  294.5  009.26  30.460  1023.986  1471.25 
2024 06 26 16 48 59.80  30.722  06.492  0016.62  02.27  07.71  294.8  009.26  30.459  1023.984  1471.25 
2024 06 26 16 49 00.05  30.720  06.492  0016.47  02.23  07.82  294.8  009.26  30.458  1023.983  1471.24 
2024 06 26 16 49 00.30  30.719  06.493  0016.30  02.32  07.75  294.8  009.26  30.456  1023.981  1471.24 
2024 06 26 16 49 00.55  30.719  06.491  0016.12  02.30  07.86  294.8  009.26  30.458  1023.981  1471.23 
2024 06 26 16 49 00.80  30.718  06.490  0015.92  02.32  07.76  294.8  009.26  30.457  1023.980  1471.23 
2024 06 26 16 49 01.05  30.718  06.489  0015.72  02.26  07.78  294.8  009.26  30.458  1023.980  1471.22 
2024 06 26 16 49 01.30  30.717  06.489  0015.49  02.21  07.97  294.8  009.26  30.457  1023.978  1471.22 
2024 06 26 16 49 01.55  30.715  06.487  0015.30  02.24  07.90  294.8  009.26  30.458  1023.978  1471.20 
2024 06 26 16 49 01.80  30.713  06.488  0015.14  02.62  08.05  294.8  009.26  30.454  1023.974  1471.20 
2024 06 26 16 49 02.05  30.707  06.480  0014.99  02.38  07.95  294.8  009.26  30.455  1023.975  1471.17 
2024 06 26 16 49 02.30  30.709  06.484  0014.81  02.47  07.89  294.8  009.23  30.454  1023.973  1471.18 
2024 06 26 16 49 02.55  30.706  06.479  0014.61  02.66  07.85  294.8  009.26  30.455  1023.973  1471.16 
2024 06 26 16 49 02.80  30.691  06.470  0014.37  02.68  07.67  294.8  009.26  30.447  1023.967  1471.11 
2024 06 26 16 49 03.05  30.691  06.467  0014.17  02.44  07.77  294.8  009.26  30.450  1023.969  1471.10 
2024 06 26 16 49 03.30  30.686  06.470  0013.97  02.57  07.76  294.8  009.26  30.441  1023.961  1471.09 
2024 06 26 16 49 03.55  30.666  06.445  0013.74  02.69  07.82  294.8  009.26  30.442  1023.963  1470.99 
2024 06 26 16 49 03.80  30.649  06.423  0013.56  02.82  07.83  294.8  009.26  30.443  1023.966  1470.90 
2024 06 26 16 49 04.05  30.636  06.416  0013.29  02.66  07.91  294.8  009.26  30.435  1023.959  1470.86 
2024 06 26 16 49 04.30  30.633  06.422  0013.11  02.61  07.89  294.8  009.26  30.426  1023.951  1470.87 
2024 06 26 16 49 04.55  30.614  06.397  0012.89  02.93  07.82  294.8  009.26  30.428  1023.954  1470.77 
2024 06 26 16 49 04.80  30.593  06.379  0012.72  03.17  08.00  294.8  009.26  30.421  1023.950  1470.68 
2024 06 26 16 49 05.05  30.574  06.358  0012.55  02.99  07.95  294.8  009.26  30.419  1023.950  1470.60 
2024 06 26 16 49 05.30  30.562  06.356  0012.33  02.90  07.93  294.8  009.26  30.407  1023.940  1470.57 
2024 06 26 16 49 05.55  30.560  06.358  0012.13  02.98  07.91  294.8  009.26  30.404  1023.936  1470.57 
2024 06 26 16 49 05.80  30.549  06.342  0012.01  02.95  07.71  295.5  009.26  30.406  1023.940  1470.51 
2024 06 26 16 49 06.05  30.532  06.330  0011.77  03.26  07.77  295.5  009.26  30.399  1023.934  1470.45 
2024 06 26 16 49 06.30  30.533  06.332  0011.51  03.20  07.86  295.5  009.26  30.397  1023.932  1470.45 
2024 06 26 16 49 06.55  30.504  06.310  0011.24  03.25  07.86  295.5  009.26  30.385  1023.923  1470.34 
2024 06 26 16 49 06.80  30.489  06.303  0011.02  03.25  07.81  295.5  009.26  30.376  1023.916  1470.30 
2024 06 26 16 49 07.05  30.463  06.276  0010.86  03.46  07.81  295.5  009.26  30.371  1023.915  1470.18 
2024 06 26 16 49 07.30  30.443  06.261  0010.59  03.80  07.83  295.5  009.26  30.362  1023.908  1470.11 
2024 06 26 16 49 07.55  30.435  06.263  0010.36  03.74  07.83  295.5  009.23  30.352  1023.899  1470.10 
2024 06 26 16 49 07.80  30.418  06.228  0010.10  03.82  08.00  295.5  009.26  30.364  1023.911  1469.97 
2024 06 26 16 49 08.05  30.362  06.193  0009.78  03.73  07.96  295.5  009.26  30.333  1023.890  1469.79 
2024 06 26 16 49 08.30  30.331  06.164  0009.57  03.87  07.92  295.5  009.26  30.326  1023.886  1469.66 
2024 06 26 16 49 08.55  30.309  06.100  0009.33  04.45  07.85  295.5  009.26  30.358  1023.918  1469.44 
2024 06 26 16 49 08.80  30.245  06.057  0009.15  04.37  07.72  297.3  009.26  30.327  1023.898  1469.22 
2024 06 26 16 49 09.05  30.216  06.038  0008.99  04.68  07.78  297.3  009.26  30.311  1023.887  1469.13 
2024 06 26 16 49 09.30  30.206  06.011  0008.79  04.63  07.81  297.3  009.26  30.324  1023.899  1469.03 
2024 06 26 16 49 09.55  30.191  06.014  0008.59  04.42  07.82  297.3  009.26  30.305  1023.883  1469.01 
2024 06 26 16 49 09.80  30.177  05.999  0008.36  04.44  07.82  297.3  009.26  30.304  1023.883  1468.95 
2024 06 26 16 49 10.05  30.142  05.982  0008.07  04.51  07.88  297.3  009.26  30.279  1023.864  1468.85 
2024 06 26 16 49 10.30  30.097  05.943  0007.81  04.56  07.89  297.3  009.26  30.265  1023.856  1468.67 
2024 06 26 16 49 10.55  30.068  05.905  0007.58  04.79  07.81  297.3  009.26  30.267  1023.861  1468.51 
2024 06 26 16 49 10.80  30.084  05.933  0007.37  05.16  08.00  297.3  009.26  30.259  1023.851  1468.61 
2024 06 26 16 49 11.05  30.071  05.897  0007.17  05.23  07.96  297.3  009.26  30.277  1023.868  1468.49 
2024 06 26 16 49 11.30  30.036  05.876  0006.97  05.36  07.94  297.3  009.26  30.258  1023.854  1468.37 
2024 06 26 16 49 11.55  30.000  05.821  0006.82  05.28  07.91  297.3  009.26  30.267  1023.867  1468.16 
2024 06 26 16 49 11.80  29.984  05.832  0006.59  05.49  07.72  300.2  009.26  30.238  1023.842  1468.17 
2024 06 26 16 49 12.05  29.972  05.841  0006.34  05.65  07.79  300.2  009.26  30.218  1023.824  1468.17 
2024 06 26 16 49 12.30  29.884  05.745  0006.11  05.81  07.80  300.2  009.26  30.206  1023.824  1467.77 
2024 06 26 16 49 12.55  29.760  05.585  0005.83  05.98  07.80  300.2  009.26  30.211  1023.845  1467.12 
2024 06 26 16 49 12.80  29.720  05.538  0005.66  06.32  07.83  300.2  009.26  30.207  1023.846  1466.92 
2024 06 26 16 49 13.05  29.628  05.466  0005.42  07.17  07.84  300.2  009.26  30.169  1023.823  1466.58 
2024 06 26 16 49 13.30  29.565  05.433  0005.22  09.03  07.84  300.2  009.26  30.128  1023.793  1466.39 
2024 06 26 16 49 13.55  29.583  05.424  0005.11  07.93  07.85  300.2  009.26  30.157  1023.816  1466.38 
2024 06 26 16 49 13.80  29.526  05.368  0004.98  08.23  07.99  300.2  009.26  30.142  1023.811  1466.14 
2024 06 26 16 49 14.05  29.523  05.376  0004.85  08.16  07.93  300.2  009.26  30.132  1023.801  1466.15 
2024 06 26 16 49 14.30  29.495  05.330  0004.69  08.41  07.92  300.2  009.26  30.143  1023.814  1465.97 
2024 06 26 16 49 14.55  29.481  05.335  0004.56  08.97  07.93  300.2  009.26  30.122  1023.796  1465.97 
2024 06 26 16 49 14.80  29.431  05.277  0004.38  08.95  07.73  305.7  009.26  30.119  1023.799  1465.72 
2024 06 26 16 49 15.05  29.360  05.251  0004.18  09.14  07.78  305.7  009.26  30.060  1023.755  1465.54 
2024 06 26 16 49 15.30  29.360  05.208  0004.02  08.72  07.80  305.7  009.26  30.099  1023.789  1465.41 
2024 06 26 16 49 15.55  29.345  05.198  0003.78  08.38  07.83  305.7  009.26  30.092  1023.783  1465.35 
2024 06 26 16 49 15.80  29.345  05.216  0003.58  08.79  07.85  305.7  009.26  30.077  1023.768  1465.41 
2024 06 26 16 49 16.05  29.326  05.198  0003.43  08.76  07.86  305.7  009.26  30.071  1023.765  1465.32 
2024 06 26 16 49 16.30  29.270  05.117  0003.25  09.27  07.86  305.7  009.26  30.080  1023.780  1465.00 
2024 06 26 16 49 16.55  29.259  05.155  0003.07  09.31  07.86  305.7  009.26  30.034  1023.739  1465.09 
2024 06 26 16 49 16.80  29.221  05.108  0002.85  09.10  08.09  305.7  009.26  30.034  1023.742  1464.90 
2024 06 26 16 49 17.05  29.204  05.068  0002.70  09.11  07.98  305.7  009.26  30.050  1023.758  1464.75 
2024 06 26 16 49 17.30  29.193  05.062  0002.52  09.17  07.95  305.7  009.26  30.042  1023.752  1464.71 
2024 06 26 16 49 17.55  29.168  05.041  0002.33  09.47  07.98  305.7  009.26  30.034  1023.747  1464.61 
2024 06 26 16 49 17.80  29.149  05.018  0002.17  09.95  07.73  310.1  009.26  30.033  1023.748  1464.51 
2024 06 26 16 49 18.05  29.162  05.040  0002.01  10.19  07.85  310.1  009.26  30.027  1023.740  1464.60 
2024 06 26 16 49 18.30  29.161  05.036  0001.92  10.37  07.85  310.1  009.26  30.029  1023.742  1464.58 
2024 06 26 16 49 18.55  29.154  05.036  0001.83  10.52  07.86  310.1  009.26  30.022  1023.736  1464.57 
2024 06 26 16 49 18.80  29.154  05.026  0001.65  10.07  07.86  310.1  009.26  30.032  1023.744  1464.54 
2024 06 26 16 49 19.05  29.146  05.017  0001.53  09.74  07.78  310.1  009.26  30.030  1023.743  1464.50 
2024 06 26 16 49 19.30  29.137  05.008  0001.42  09.75  07.87  310.1  009.26  30.028  1023.742  1464.46 
2024 06 26 16 49 19.55  29.113  04.986  0001.29  09.80  07.88  310.1  009.26  30.021  1023.738  1464.35 
2024 06 26 16 49 19.80  29.089  04.977  0001.17  09.78  08.05  310.1  009.26  30.002  1023.723  1464.29 
2024 06 26 16 49 20.05  29.109  04.992  0001.09  10.32  07.99  310.1  009.26  30.011  1023.728  1464.36 
2024 06 26 16 49 20.30  29.093  04.964  0001.09  10.48  08.00  310.1  009.26  30.018  1023.737  1464.26 
2024 06 26 16 49 20.55  29.080  04.950  0001.10  09.71  07.97  310.1  009.26  30.015  1023.736  1464.20 
2024 06 26 16 49 20.80  29.085  04.956  0001.06  09.55  07.77  314.4  009.26  30.016  1023.736  1464.22 
2024 06 26 16 49 21.05  29.080  04.947  0001.02  10.35  07.82  314.4  009.26  30.019  1023.739  1464.19 
2024 06 26 16 49 21.30  29.068  04.947  0000.89  09.90  07.89  314.4  009.26  30.005  1023.727  1464.17 
2024 06 26 16 49 21.55  29.076  04.954  0000.81  09.64  07.89  314.4  009.26  30.007  1023.728  1464.20 
2024 06 26 16 49 21.80  29.075  04.948  0000.71  09.12  07.91  314.4  009.26  30.012  1023.732  1464.18 
2024 06 26 16 49 22.05  29.065  04.943  0000.63  08.61  07.89  314.4  009.26  30.006  1023.727  1464.15 
2024 06 26 16 49 22.30  28.786  04.666  0000.55  08.76  07.87  314.4  009.26  29.936  1023.700  1462.91 
2024 06 26 16 49 22.55  28.335  04.135  0000.45  08.64  07.90  314.4  009.26  29.898  1023.720  1460.64 
2024 06 26 16 49 22.80  28.207  04.024  0000.26  09.22  08.06  314.4  009.26  29.849  1023.690  1460.11 
2024 06 26 16 49 23.05  28.229  04.042  0000.18  09.55  08.01  314.4  009.26  29.858  1023.695  1460.19 
2024 06 26 16 49 23.30  28.237  04.057  0000.10  09.60  07.98  314.4  009.26  29.855  1023.691  1460.25 
2024 06 26 16 49 23.55  28.230  04.035  0000.10  09.54  07.92  314.4  009.26  29.867  1023.702  1460.17 
2024 06 26 16 49 23.80  28.223  04.056  0000.05  09.49  07.74  314.4  009.26  29.840  1023.679  1460.22 
2024 06 26 16 49 24.05  28.278  04.134  0000.03  09.15  07.85  314.4  009.26  29.832  1023.665  1460.54 
2024 06 26 16 49 24.30  20.199  04.131  0000.04  09.35  07.86  314.4  009.26  20.632  1016.369  1448.76 
2024 06 26 16 49 24.55  01.693  04.138  0000.02  14.15  07.82  314.4  009.26  01.452  1001.141  1424.18 
2024 06 26 16 49 24.80  00.363  04.147  0000.01  16.29  07.86  314.4  009.26  00.292  1000.210  1422.69 
2024 06 26 16 49 25.05  00.289  04.157  0000.03  09.72  07.82  314.4  009.26  00.231  1000.160  1422.66 
2024 06 26 16 49 25.30  00.414  04.233  0000.04  08.30  07.85  314.4  009.26  00.333  1000.243  1423.14 
2024 06 26 16 49 25.55  00.311  04.167  0000.03  05.32  07.86  314.4  009.26  00.249  1000.175  1422.73 
2024 06 26 16 49 25.80  00.161  04.061  0000.03  02.81  09.09  314.4  009.26  00.127  1000.077  1422.08 
